9.812358 -0.000000 0.019696 -0.000000 10.287476 0.000000 0.019696 0.000000 9.460413 
9.931967 0.000000 0.205256 0.000000 9.459317 -0.000000 0.205256 -0.000000 10.168985 
10.013642 0.310591 0.115579 0.310591 9.666420 0.179325 0.115579 0.179325 9.880191 
10.013700 0.310498 0.115657 0.310498 9.666291 0.179338 0.115657 0.179338 9.880263 
9.547878 -0.000129 -0.153365 -0.000129 10.287479 -0.000076 -0.153365 -0.000076 9.724895 
10.013725 -0.310523 0.115635 -0.310523 9.666283 -0.179287 0.115635 -0.179287 9.880214 
9.931895 0.000000 0.205218 0.000000 9.459313 0.000000 0.205218 0.000000 10.169035 
9.666361 0.358609 0.000000 0.358609 10.080446 0.000000 0.000000 0.000000 9.813465 
10.287480 0.000000 0.000000 0.000000 9.459315 -0.000000 0.000000 -0.000000 9.813460 
9.931866 -0.000065 0.205200 -0.000065 9.459315 -0.000112 0.205200 -0.000112 10.169072 
9.931883 -0.000050 0.205214 -0.000050 9.459310 -0.000087 0.205214 -0.000087 10.169033 
10.287480 0.000000 0.000000 0.000000 9.459315 -0.000000 0.000000 -0.000000 9.813460 
9.666356 0.358606 -0.000020 0.358606 10.080438 0.000050 -0.000020 0.000050 9.813458 
9.931846 0.000000 0.205188 0.000000 9.459315 -0.000000 0.205188 -0.000000 10.169095 
9.814611 -0.007951 -0.022632 -0.007951 9.489676 0.155438 -0.022632 0.155438 10.255950 
10.280872 0.033807 0.049327 0.033807 9.460711 0.003568 0.049327 0.003568 9.818662 
9.823619 0.078260 -0.047714 0.078260 9.699163 -0.367399 -0.047714 -0.367399 10.037464 
10.104856 0.028325 0.229686 0.028325 9.460885 0.022326 0.229686 0.022326 9.994490 
10.008069 0.253089 0.155110 0.253089 9.615091 0.201715 0.155110 0.201715 9.937077 
9.504980 0.159044 -0.062243 0.159044 10.254355 0.032089 -0.062243 0.032089 9.800894 
9.743287 -0.071091 -0.133676 -0.071091 10.258175 -0.135447 -0.133676 -0.135447 9.558764 
9.822520 0.225678 0.013894 0.225678 9.902969 0.345916 0.013894 0.345916 9.834756 
9.815739 -0.021277 0.029078 -0.021277 9.560911 -0.270860 0.029078 -0.270860 10.183589 
10.242712 -0.077034 0.125872 -0.077034 9.467171 -0.022589 0.125872 -0.022589 9.850369 
9.829559 -0.024395 0.083911 -0.024395 9.480058 -0.127101 0.083911 -0.127101 10.250621 
9.739248 -0.018589 -0.143615 -0.018589 10.285483 -0.035977 -0.143615 -0.035977 9.535500 
9.577389 -0.206579 -0.108681 -0.206579 10.219442 -0.095099 -0.108681 -0.095099 9.763428 
9.844194 0.412883 -0.000872 0.412883 9.902562 -0.011745 -0.000872 -0.011745 9.813477 
9.687053 0.245829 -0.101701 0.245829 10.141567 0.197783 -0.101701 0.197783 9.731639 
10.025405 0.380799 -0.026742 0.380799 9.718002 -0.048042 -0.026742 -0.048042 9.816829 
10.034662 -0.120260 0.218925 -0.120260 9.495460 -0.119020 0.218925 -0.119020 10.030126 
9.554312 0.034269 -0.155299 0.034269 10.285542 0.020537 -0.155299 0.020537 9.720388 
9.810375 0.035266 -0.026068 0.035266 10.157524 0.299133 -0.026068 0.299133 9.592319 
9.748010 -0.095411 -0.123955 -0.095411 10.233547 -0.180703 -0.123955 -0.180703 9.578696 
9.823785 -0.052989 0.058422 -0.052989 9.592605 -0.299687 0.058422 -0.299687 10.143849 
10.273462 0.070826 0.059913 0.070826 9.465519 0.009224 0.059913 0.009224 9.821256 
9.643512 0.262716 -0.095725 0.262716 10.157182 0.147987 -0.095725 0.147987 9.759528 
9.740977 -0.245497 -0.075968 -0.245497 10.085431 -0.257348 -0.075968 -0.257348 9.733813 
9.621990 -0.132969 -0.155111 -0.132969 10.250453 -0.107724 -0.155111 -0.107724 9.687788 
9.765391 -0.239764 0.057621 -0.239764 10.050477 0.287437 0.057621 0.287437 9.744385 
9.518945 0.106876 -0.113169 0.106876 10.271338 0.041068 -0.113169 0.041068 9.769974 
9.476692 -0.004035 0.076458 -0.004035 10.287451 0.000916 0.076458 0.000916 9.796096 
9.486129 -0.137273 -0.032212 -0.137273 10.263811 -0.013509 -0.032212 -0.013509 9.810276 
9.963445 0.078620 0.212458 0.078620 9.482395 0.111365 0.212458 0.111365 10.114400 
9.702891 -0.267183 -0.086304 -0.267183 10.111265 -0.208553 -0.086304 -0.208553 9.746093 
9.621007 -0.046269 -0.173808 -0.046269 10.282751 -0.041786 -0.173808 -0.041786 9.656480 
9.829137 -0.063530 0.072027 -0.063530 9.586689 -0.291935 0.072027 -0.291935 10.144437 
9.813514 -0.010512 -0.002443 -0.010512 9.837469 0.412384 -0.002443 0.412384 9.909250 
9.601985 0.312420 -0.006401 0.312420 10.144976 0.009460 -0.006401 0.009460 9.813250 
10.058399 0.233351 0.169106 0.233351 9.571638 0.161101 0.169106 0.161101 9.930204 
9.821669 -0.011594 0.061251 -0.011594 9.468594 -0.086410 0.061251 -0.086410 10.269969 
9.471683 0.038924 -0.059837 0.038924 10.285597 0.006814 -0.059837 0.006814 9.802989 
9.948771 -0.333131 0.085085 -0.333131 9.744505 -0.209459 0.085085 -0.209459 9.866949 
9.812495 0.047686 -0.007869 0.047686 9.998949 0.391691 -0.007869 0.391691 9.748788 
10.032281 -0.141200 0.212073 -0.141200 9.508974 -0.136840 0.212073 -0.136840 10.018974 
10.176705 0.031234 0.199197 0.031234 9.460848 0.017128 0.199197 0.017128 9.922691 
10.250170 -0.029673 0.125647 -0.029673 9.460465 -0.008537 0.125647 -0.008537 9.849604 
9.915221 -0.248629 0.115560 -0.248629 9.700335 -0.282305 0.115560 -0.282305 9.944659 
9.824737 -0.062207 0.058346 -0.062207 9.620264 -0.321743 0.058346 -0.321743 10.115241 
9.679237 -0.241819 -0.105544 -0.241819 10.150522 -0.190182 -0.105544 -0.190182 9.730430 
9.784245 -0.361449 0.014357 -0.361449 9.969601 0.177657 0.014357 0.177657 9.806399 
9.642128 -0.180542 0.138333 -0.180542 10.216356 0.145767 0.138333 0.145767 9.701771 
9.774285 -0.019671 0.110330 -0.019671 10.283271 0.055407 0.110330 0.055407 9.502674 
9.990732 0.397088 0.001480 0.397088 9.756039 0.003315 0.001480 0.003315 9.813464 
9.522091 -0.136039 -0.103543 -0.136039 10.261482 -0.048344 -0.103543 -0.048344 9.776656 
9.833786 0.207741 0.035011 0.207741 9.852715 0.357598 0.035011 0.357598 9.873719 
9.626909 -0.031956 -0.175583 -0.031956 10.285142 -0.030074 -0.175583 -0.030074 9.648191 
9.591628 0.027991 -0.170343 0.027991 10.285951 0.021496 -0.170343 0.021496 9.682632 
9.812326 -0.314969 -0.000942 -0.314969 9.935254 -0.261597 -0.000942 -0.261597 9.812676 
10.122822 -0.087187 -0.215964 -0.087187 9.473195 0.060864 -0.215964 0.060864 9.964210 
9.690313 0.280704 -0.082828 0.280704 10.112188 0.188802 -0.082828 0.188802 9.757743 
10.188845 0.258426 0.048780 0.258426 9.551600 0.033579 0.048780 0.033579 9.819791 
9.759494 -0.119970 0.105368 -0.119970 10.193051 0.234279 0.105368 0.234279 9.607690 
9.804443 0.092181 -0.034308 0.092181 10.072940 0.350921 -0.034308 0.350921 9.682857 
9.906223 -0.091456 0.175513 -0.091456 9.508490 -0.173039 0.175513 -0.173039 10.145541 
10.045562 0.130931 0.216136 0.130931 9.499955 0.121921 0.216136 0.121921 10.014714 
10.076862 0.153634 0.206396 0.153634 9.508196 0.120380 0.206396 0.120380 9.975171 
10.150047 0.272122 -0.093747 0.272122 9.570625 -0.075791 -0.093747 -0.075791 9.839563 
10.249180 -0.104539 0.102521 -0.104539 9.473481 -0.024596 0.102521 -0.024596 9.837576 
9.752048 -0.011296 -0.133877 -0.011296 10.286595 -0.024625 -0.133877 -0.024625 9.521616 
9.752026 -0.011291 -0.133884 -0.011291 10.286581 -0.024613 -0.133884 -0.024613 9.521620 
10.104372 -0.212548 0.171816 -0.212548 9.540934 -0.125529 0.171816 -0.125529 9.914925 
10.104362 -0.212567 0.171810 -0.212567 9.540951 -0.125541 0.171810 -0.125541 9.914921 
10.265054 -0.114914 0.051774 -0.114914 9.475795 -0.013174 0.051774 -0.013174 9.819391 
9.587334 0.227516 -0.100618 0.227516 10.204223 0.101242 -0.100618 0.101242 9.768683 
9.664458 0.006530 -0.174780 0.006530 10.287352 0.007661 -0.174780 0.007661 9.608433 
9.664449 0.006516 -0.174782 0.006516 10.287351 0.007647 -0.174782 0.007647 9.608441 
10.057746 0.313993 0.107647 0.313993 9.641601 0.138361 0.107647 0.138361 9.860888 
9.803387 0.344473 -0.006355 0.344473 9.947405 0.217534 -0.006355 0.217534 9.809440 
9.751864 -0.128396 -0.110401 -0.128396 10.192805 -0.230123 -0.110401 -0.230123 9.615584 
10.216161 0.176949 0.107344 0.176949 9.502007 0.047165 0.107344 0.047165 9.842066 
9.853309 -0.015204 0.131035 -0.015204 9.462625 -0.049993 0.131035 -0.049993 10.244317 
8.994819 0.098743 0.000000 0.098743 8.389721 -0.000000 0.000000 -0.000000 8.848765 
9.356743 0.181675 0.000000 0.181675 9.404277 -0.000000 0.000000 -0.000000 9.090847 
9.095657 0.135694 0.000000 0.135694 8.929895 0.000000 0.000000 0.000000 8.948238 
10.099141 -0.389255 -0.000000 -0.389255 10.115513 0.000000 -0.000000 0.000000 9.519974 
8.785660 -0.170482 -0.000000 -0.170482 9.012639 0.000000 -0.000000 0.000000 9.013203 
8.996370 0.172513 0.000000 0.172513 8.372818 0.000000 0.000000 0.000000 8.782657 
8.996370 0.172513 0.000000 0.172513 8.372818 0.000000 0.000000 0.000000 8.782657 
9.356197 -0.296080 -0.000000 -0.296080 9.439186 -0.000000 -0.000000 -0.000000 9.253650 
10.775583 -0.137942 0.000000 -0.137942 10.244897 -0.000000 0.000000 -0.000000 9.601705 
9.434427 0.115065 0.000000 0.115065 8.377886 -0.000000 0.000000 -0.000000 8.942344 
7.965184 0.036209 0.000000 0.036209 8.344265 -0.000000 0.000000 -0.000000 8.609695 
8.978546 -0.003073 -0.000000 -0.003073 8.887750 -0.000000 -0.000000 -0.000000 8.971656 
9.957006 -0.854490 0.000000 -0.854490 11.847026 -0.000000 0.000000 -0.000000 9.764535 
11.773261 -0.496644 0.000000 -0.496644 11.757449 0.000000 0.000000 0.000000 10.083617 
11.482183 -0.522041 -0.000000 -0.522041 10.629965 0.000000 -0.000000 0.000000 9.902823 
8.235875 -0.501448 -0.000000 -0.501448 10.154380 0.000000 -0.000000 0.000000 9.051020 
11.033600 0.133996 -0.000000 0.133996 8.638923 -0.000000 -0.000000 -0.000000 9.314918 
8.100085 0.057723 0.000000 0.057723 8.177381 -0.000000 0.000000 -0.000000 8.662399 
10.076586 -0.579296 -0.000000 -0.579296 11.233717 0.000000 -0.000000 0.000000 9.687850 
11.485616 -0.865754 -0.000000 -0.865754 11.216978 0.000000 -0.000000 0.000000 10.043444 
14.228696 -1.143780 0.000000 -1.143780 11.492361 -0.000000 0.000000 -0.000000 10.866348 
12.275309 -0.425524 0.000000 -0.425524 12.359721 0.000000 0.000000 0.000000 10.250461 
10.768596 -0.303267 -0.000000 -0.303267 10.894796 -0.000000 -0.000000 -0.000000 9.739656 
9.596141 -0.076297 -0.000000 -0.076297 9.196970 -0.000000 -0.000000 -0.000000 9.191066 
10.025919 -0.113163 0.000000 -0.113163 9.746140 -0.000000 0.000000 -0.000000 9.370994 
9.792134 0.092210 0.000000 0.092210 8.609604 0.000000 0.000000 0.000000 9.054062 
8.633185 -0.769718 -0.000000 -0.769718 10.602803 0.000000 -0.000000 0.000000 9.242325 
9.916619 -0.037755 -0.000000 -0.037755 9.013176 0.000000 -0.000000 0.000000 9.238673 
11.135520 -2.171004 0.000000 -2.171004 15.774575 0.000000 0.000000 0.000000 10.498661 
9.109394 -0.039108 -0.000000 -0.039108 8.753450 0.000000 -0.000000 0.000000 9.039941 
10.824939 -0.067039 0.000000 -0.067039 9.869039 0.000000 0.000000 0.000000 9.526804 
12.503470 -0.738107 -0.000000 -0.738107 11.292287 0.000000 -0.000000 0.000000 10.211477 
8.755494 0.125638 0.000000 0.125638 8.844708 -0.000000 0.000000 -0.000000 8.861479 
11.991621 0.095830 -0.000000 0.095830 9.118319 0.000000 -0.000000 0.000000 9.653315 
8.424552 0.139750 0.000000 0.139750 9.017669 0.000000 0.000000 0.000000 8.817645 
10.339364 -0.747094 0.000000 -0.747094 10.803508 -0.000000 0.000000 -0.000000 9.725590 
8.458772 0.140675 -0.000000 0.140675 7.993031 -0.000000 -0.000000 -0.000000 8.640219 
14.135296 -1.062197 -0.000000 -1.062197 12.619184 0.000000 -0.000000 0.000000 10.670597 
8.601801 0.167763 0.000000 0.167763 8.584810 0.000000 0.000000 0.000000 8.755533 
11.656103 -0.365042 0.000000 -0.365042 14.363974 -0.000000 0.000000 -0.000000 10.435303 
10.828073 -0.467596 -0.000000 -0.467596 10.255595 0.000000 -0.000000 0.000000 9.725743 
13.136739 -0.622345 -0.000000 -0.622345 13.758715 0.000000 -0.000000 0.000000 10.618010 
9.258052 -0.052093 0.000000 -0.052093 9.787653 0.000000 0.000000 0.000000 9.199106 
7.547643 0.002078 -0.000000 0.002078 9.052341 -0.000000 -0.000000 -0.000000 8.617982 
9.329553 0.043781 -0.000000 0.043781 8.667526 0.000000 -0.000000 0.000000 9.004602 
8.317959 -0.042318 0.000000 -0.042318 8.508851 -0.000000 0.000000 -0.000000 8.781117 
11.095171 -0.391076 -0.000000 -0.391076 11.885890 -0.000000 -0.000000 -0.000000 9.965985 
8.793961 0.131716 0.000000 0.131716 8.164736 0.000000 0.000000 0.000000 8.743375 
9.103018 -0.096641 -0.000000 -0.096641 9.135243 -0.000000 -0.000000 -0.000000 9.075206 
10.020715 0.101289 -0.000000 0.101289 8.706159 0.000000 -0.000000 0.000000 9.097372 
10.256404 -0.276878 -0.000000 -0.276878 10.997736 0.000000 -0.000000 0.000000 9.650284 
10.934102 -0.306611 -0.000000 -0.306611 11.182441 -0.000000 -0.000000 -0.000000 9.815900 
11.375939 -0.885294 0.000000 -0.885294 11.073880 -0.000000 0.000000 -0.000000 10.018249 
11.267790 0.127823 -0.000000 0.127823 8.251703 -0.000000 -0.000000 -0.000000 9.177830 
11.471451 -0.621947 0.000000 -0.621947 11.767704 0.000000 0.000000 0.000000 10.049631 
13.128958 -0.293372 -0.000000 -0.293372 10.190782 0.000000 -0.000000 0.000000 10.128698 
14.750917 -0.467076 0.000000 -0.467076 10.753418 -0.000000 0.000000 -0.000000 10.466686 
9.935819 0.064697 -0.000000 0.064697 10.246684 0.000000 -0.000000 0.000000 9.401109 
10.677099 -0.527188 -0.000000 -0.527188 11.884171 -0.000000 -0.000000 -0.000000 9.899508 
10.490608 -0.466208 0.000000 -0.466208 10.853254 0.000000 0.000000 0.000000 9.709508 
9.598528 -0.031328 -0.000000 -0.031328 11.101766 -0.000000 -0.000000 -0.000000 9.497619 
8.141504 0.179878 -0.000000 0.179878 7.691148 -0.000000 -0.000000 -0.000000 8.485665 
11.226255 0.080408 0.000000 0.080408 10.824778 0.000000 0.000000 0.000000 9.745334 
11.903823 -0.403912 -0.000000 -0.403912 11.099186 -0.000000 -0.000000 -0.000000 9.994307 
10.086240 -1.190971 0.000000 -1.190971 14.224856 -0.000000 0.000000 -0.000000 10.097018 
10.618870 -0.664586 0.000000 -0.664586 11.056466 -0.000000 0.000000 -0.000000 9.798755 
11.911109 -0.564123 -0.000000 -0.564123 10.620414 0.000000 -0.000000 0.000000 10.011376 
8.950943 -0.038331 -0.000000 -0.038331 8.701562 0.000000 -0.000000 0.000000 8.990227 
9.124964 0.064170 0.000000 0.064170 9.227925 0.000000 0.000000 0.000000 9.038401 
11.548142 -0.106475 -0.000000 -0.106475 9.826585 -0.000000 -0.000000 -0.000000 9.659854 
13.500422 -0.051865 -0.000000 -0.051865 9.849828 0.000000 -0.000000 0.000000 10.137427 
11.503651 -0.095773 -0.000000 -0.095773 9.559299 -0.000000 -0.000000 -0.000000 9.625271 
10.174266 -1.305823 -0.000000 -1.305823 12.600892 0.000000 -0.000000 0.000000 9.924101 
8.821856 -0.155588 -0.000000 -0.155588 10.253223 0.000000 -0.000000 0.000000 9.192497 
9.498084 -0.679600 0.000000 -0.679600 10.454536 -0.000000 0.000000 -0.000000 9.466591 
11.138242 -0.151712 -0.000000 -0.151712 10.452132 0.000000 -0.000000 0.000000 9.704278 
9.895956 0.019215 0.000000 0.019215 8.830554 -0.000000 0.000000 -0.000000 9.185171 
13.652731 -1.095606 -0.000000 -1.095606 11.333851 -0.000000 -0.000000 -0.000000 10.710558 
10.185861 0.171373 0.000000 0.171373 11.096011 -0.000000 0.000000 -0.000000 9.594882 
9.058558 -0.085632 0.000000 -0.085632 13.647627 0.000000 0.000000 0.000000 9.750049 
10.303276 -0.444428 0.000000 -0.444428 9.898344 -0.000000 0.000000 -0.000000 9.592628 
11.698446 0.091864 0.000000 0.091864 8.767937 -0.000000 0.000000 -0.000000 9.414834 
9.986933 -0.078522 0.000000 -0.078522 10.040951 0.000000 0.000000 0.000000 9.402328 
12.677869 -1.052379 -0.000000 -1.052379 11.273575 0.000000 -0.000000 0.000000 10.383207 
8.134464 0.190612 -0.000000 0.190612 8.061305 0.000000 -0.000000 0.000000 8.517206 
12.501986 -0.295082 0.000000 -0.295082 10.106365 0.000000 0.000000 0.000000 9.999324 
8.872926 -0.227654 0.000000 -0.227654 9.299485 0.000000 0.000000 0.000000 9.081131 
12.195636 0.005872 0.000000 0.005872 12.693396 0.000000 0.000000 0.000000 10.253597 
8.948009 0.122999 0.000000 0.122999 9.613923 0.000000 0.000000 0.000000 9.061490 
9.230560 -0.195158 -0.000000 -0.195158 10.794033 0.000000 -0.000000 0.000000 9.382879 
11.758301 0.104414 -0.000000 0.104414 9.376802 -0.000000 -0.000000 -0.000000 9.495607 
10.482611 -0.138153 0.000000 -0.138153 10.673680 0.000000 0.000000 0.000000 9.619565 
12.144392 -0.064382 0.000000 -0.064382 9.504575 -0.000000 0.000000 -0.000000 9.717598 
9.261217 -0.433212 -0.000000 -0.433212 9.439162 -0.000000 -0.000000 -0.000000 9.299642 
11.087269 -0.186073 0.000000 -0.186073 10.428625 0.000000 0.000000 0.000000 9.699936 
9.691010 0.190347 -0.000000 0.190347 9.793014 -0.000000 -0.000000 -0.000000 9.238466 
13.890251 -0.809131 0.000000 -0.809131 11.222543 -0.000000 0.000000 -0.000000 10.519070 
13.540340 -0.140054 -0.000000 -0.140054 10.110479 0.000000 -0.000000 0.000000 10.008272 
12.911981 -1.033790 -0.000000 -1.033790 12.586514 -0.000000 -0.000000 -0.000000 10.467373 
9.396606 -0.352624 -0.000000 -0.352624 9.430667 0.000000 -0.000000 0.000000 9.300426 
12.919617 -0.954043 -0.000000 -0.954043 12.484887 0.000000 -0.000000 0.000000 10.444760 
11.598374 -1.211012 0.000000 -1.211012 11.918604 -0.000000 0.000000 -0.000000 10.181119 
10.997627 0.256381 -0.000000 0.256381 11.978909 0.000000 -0.000000 0.000000 9.900841 
13.082341 -1.022248 -0.000000 -1.022248 11.239243 0.000000 -0.000000 0.000000 10.488551 
9.784988 -0.006486 0.000000 -0.006486 8.868341 -0.000000 0.000000 -0.000000 9.196152 
11.157917 -0.098281 0.000000 -0.098281 9.455347 0.000000 0.000000 0.000000 9.567099 
12.202063 -0.683108 -0.000000 -0.683108 12.867004 -0.000000 -0.000000 -0.000000 10.339621 
9.725368 0.113296 0.000000 0.113296 10.833927 0.000000 0.000000 0.000000 9.460847 
10.479358 -0.169969 -0.000000 -0.169969 10.272980 0.000000 -0.000000 0.000000 9.558960 
11.030532 -1.493839 -0.000000 -1.493839 11.352076 0.000000 -0.000000 0.000000 10.025081 
11.279766 -0.206980 0.000000 -0.206980 9.851098 0.000000 0.000000 0.000000 9.672239 
7.818175 0.358550 0.000000 0.358550 10.069787 -0.000000 0.000000 -0.000000 8.831806 
11.560765 -0.912350 0.000000 -0.912350 10.879164 0.000000 0.000000 0.000000 10.077915 
10.511576 0.086581 -0.000000 0.086581 8.787740 0.000000 -0.000000 0.000000 9.306777 
9.953400 -0.383579 -0.000000 -0.383579 9.928065 -0.000000 -0.000000 -0.000000 9.468615 
13.777608 -0.131830 -0.000000 -0.131830 9.875954 -0.000000 -0.000000 -0.000000 10.029576 
11.141119 -0.322683 -0.000000 -0.322683 10.817584 -0.000000 -0.000000 -0.000000 9.801497 
10.237463 0.011710 0.000000 0.011710 9.659097 0.000000 0.000000 0.000000 9.357954 
10.990713 -0.218763 -0.000000 -0.218763 10.714649 0.000000 -0.000000 0.000000 9.736144 
10.127955 0.241108 0.000000 0.241108 9.661466 0.000000 0.000000 0.000000 9.279494 
11.676124 0.087396 -0.000000 0.087396 8.882705 0.000000 -0.000000 0.000000 9.473358 
11.580469 -1.528224 -0.000000 -1.528224 11.648222 -0.000000 -0.000000 -0.000000 10.195301 
10.872010 0.338775 0.000000 0.338775 11.078197 0.000000 0.000000 0.000000 9.702044 
11.629337 -0.212399 -0.000000 -0.212399 10.491799 -0.000000 -0.000000 -0.000000 9.810240 
9.860188 -0.084211 -0.000000 -0.084211 9.958688 -0.000000 -0.000000 -0.000000 9.363971 
14.572324 -0.424813 -0.000000 -0.424813 11.161573 -0.000000 -0.000000 -0.000000 10.403068 
12.746418 -0.962114 -0.000000 -0.962114 13.305458 -0.000000 -0.000000 -0.000000 10.518672 
12.977211 -0.708425 -0.000000 -0.708425 11.253844 0.000000 -0.000000 0.000000 10.283136 
9.451046 -0.103224 -0.000000 -0.103224 9.067754 0.000000 -0.000000 0.000000 9.277463 
8.959074 -0.077503 0.000000 -0.077503 9.415702 -0.000000 0.000000 -0.000000 9.074054 
12.260368 -0.592953 -0.000000 -0.592953 11.450877 -0.000000 -0.000000 -0.000000 10.143739 
13.149208 -0.404052 0.000000 -0.404052 10.589213 0.000000 0.000000 0.000000 10.147234 
9.962514 -0.115545 -0.000000 -0.115545 10.039541 -0.000000 -0.000000 -0.000000 9.405865 
12.756875 -0.131903 0.000000 -0.131903 10.659699 -0.000000 0.000000 -0.000000 9.992694 
9.766481 -0.243086 -0.000000 -0.243086 9.684245 -0.000000 -0.000000 -0.000000 9.351958 
11.789353 -1.110175 0.000000 -1.110175 12.338836 -0.000000 0.000000 -0.000000 10.246109 
8.240675 0.101837 -0.000000 0.101837 8.309884 0.000000 -0.000000 0.000000 8.646337 
9.390467 0.304126 -0.000000 0.304126 8.704745 -0.000000 -0.000000 -0.000000 8.859163 
9.465050 -0.193490 0.000000 -0.193490 9.448705 0.000000 0.000000 0.000000 9.237697 
9.813980 -0.053275 -0.000000 -0.053275 11.043632 -0.000000 -0.000000 -0.000000 9.536511 
9.994048 -0.223909 -0.000000 -0.223909 9.920389 0.000000 -0.000000 0.000000 9.423660 
13.893907 -0.082483 0.000000 -0.082483 9.704234 0.000000 0.000000 0.000000 9.978363 
8.698581 -0.009236 -0.000000 -0.009236 9.007508 -0.000000 -0.000000 -0.000000 8.924550 
10.092291 -0.656568 -0.000000 -0.656568 10.356356 0.000000 -0.000000 0.000000 9.612157 
10.393314 -0.465649 -0.000000 -0.465649 10.567393 -0.000000 -0.000000 -0.000000 9.653586 
9.005439 0.216048 0.000000 0.216048 9.413515 0.000000 0.000000 0.000000 9.012735 
8.577215 0.553524 0.000000 0.553524 9.620386 0.000000 0.000000 0.000000 8.902049 
11.119747 0.109511 0.000000 0.109511 8.300233 0.000000 0.000000 0.000000 9.157256 
10.958198 0.172732 0.000000 0.172732 10.506994 0.000000 0.000000 0.000000 9.622168 
9.055553 0.339253 0.000000 0.339253 9.456964 -0.000000 0.000000 -0.000000 9.006583 
9.624858 0.114526 0.000000 0.114526 8.617973 -0.000000 0.000000 -0.000000 9.139494 
11.337368 -1.459276 0.000000 -1.459276 11.590076 -0.000000 0.000000 -0.000000 10.124309 
11.414959 0.084635 -0.000000 0.084635 8.735333 -0.000000 -0.000000 -0.000000 9.332784 
11.500853 0.137049 0.000000 0.137049 8.521009 0.000000 0.000000 0.000000 9.319976 
9.895863 0.049337 0.000000 0.049337 10.293454 0.000000 0.000000 0.000000 9.404756 
13.134520 0.291403 0.000000 0.291403 12.328870 0.000000 0.000000 0.000000 10.324717 
12.994123 0.099739 -0.000000 0.099739 14.109103 0.000000 -0.000000 0.000000 10.611149 
9.135556 -0.876992 0.000000 -0.876992 9.959048 -0.000000 0.000000 -0.000000 9.326561 
13.108056 -0.676057 0.000000 -0.676057 11.250172 -0.000000 0.000000 -0.000000 10.292323 
12.691965 -0.491508 0.000000 -0.491508 11.808998 -0.000000 0.000000 -0.000000 10.242840 
11.645963 0.169048 -0.000000 0.169048 11.895238 -0.000000 -0.000000 -0.000000 10.008675 
11.245478 -0.487455 -0.000000 -0.487455 10.153439 0.000000 -0.000000 0.000000 9.869368 
13.023291 -0.327331 0.000000 -0.327331 10.604320 -0.000000 0.000000 -0.000000 10.085888 
13.871044 -0.520747 -0.000000 -0.520747 11.040140 0.000000 -0.000000 0.000000 10.334488 
10.721630 -0.262147 -0.000000 -0.262147 10.005835 -0.000000 -0.000000 -0.000000 9.599047 
11.134215 0.527613 0.000000 0.527613 11.720894 -0.000000 0.000000 -0.000000 9.857655 
10.892744 -0.434308 0.000000 -0.434308 10.518935 0.000000 0.000000 0.000000 9.744697 
8.917324 0.277989 -0.000000 0.277989 8.806195 -0.000000 -0.000000 -0.000000 8.833144 
9.572018 -0.122042 -0.000000 -0.122042 9.141046 -0.000000 -0.000000 -0.000000 9.213881 
11.115013 -0.301744 -0.000000 -0.301744 16.410722 0.000000 -0.000000 0.000000 10.599207 
11.427026 -0.079602 -0.000000 -0.079602 9.934135 -0.000000 -0.000000 -0.000000 9.644499 
10.729152 -0.103773 0.000000 -0.103773 9.391806 -0.000000 0.000000 -0.000000 9.480308 
12.423933 -0.459781 0.000000 -0.459781 11.591518 -0.000000 0.000000 -0.000000 10.162474 
14.007199 -1.403733 0.000000 -1.403733 12.112164 0.000000 0.000000 0.000000 10.729904 
10.340018 -1.315552 -0.000000 -1.315552 11.762303 0.000000 -0.000000 0.000000 9.872597 
9.482590 0.652043 0.000000 0.652043 10.543637 0.000000 0.000000 0.000000 9.288953 
14.686823 -1.545264 0.000000 -1.545264 12.646347 -0.000000 0.000000 -0.000000 10.879039 
11.065027 0.147414 0.000000 0.147414 9.175110 0.000000 0.000000 0.000000 9.327913 
10.023589 0.136754 0.000000 0.136754 8.114639 0.000000 0.000000 0.000000 8.911022 
11.290999 0.907498 -0.000000 0.907498 13.391789 0.000000 -0.000000 0.000000 10.159512 
10.970668 -0.805827 -0.000000 -0.805827 10.872200 -0.000000 -0.000000 -0.000000 9.894741 
10.352029 -0.573001 0.000000 -0.573001 10.515040 -0.000000 0.000000 -0.000000 9.665617 
9.826631 0.040238 0.000000 0.040238 10.037397 -0.000000 0.000000 -0.000000 9.344303 
12.742419 -0.216060 -0.000000 -0.216060 12.720933 -0.000000 -0.000000 -0.000000 10.364270 
12.448039 -0.213100 0.000000 -0.213100 9.929025 -0.000000 0.000000 -0.000000 9.989742 
10.076539 -0.267001 -0.000000 -0.267001 12.478865 0.000000 -0.000000 0.000000 9.839038 
10.953293 -0.187174 0.000000 -0.187174 12.152619 -0.000000 0.000000 -0.000000 9.960076 
10.144402 -0.395655 0.000000 -0.395655 9.690196 -0.000000 0.000000 -0.000000 9.563086 
9.324904 -0.191877 0.000000 -0.191877 10.341588 0.000000 0.000000 0.000000 9.332303 
8.996786 -0.415776 -0.000000 -0.415776 10.188892 -0.000000 -0.000000 -0.000000 9.264216 
9.939728 0.591944 -0.000000 0.591944 11.124314 -0.000000 -0.000000 -0.000000 9.507684 
14.778748 -0.401626 -0.000000 -0.401626 11.421257 -0.000000 -0.000000 -0.000000 10.462167 
13.058154 -1.212206 0.000000 -1.212206 12.442581 -0.000000 0.000000 -0.000000 10.509230 
10.495681 0.358576 0.000000 0.358576 10.114376 0.000000 0.000000 0.000000 9.427549 
9.814471 0.059848 -0.000000 0.059848 9.132136 -0.000000 -0.000000 -0.000000 9.161627 
12.125927 -0.486181 0.000000 -0.486181 10.396661 -0.000000 0.000000 -0.000000 10.038434 
9.236612 0.140221 0.000000 0.140221 9.399158 0.000000 0.000000 0.000000 9.075713 
14.566595 -1.437999 -0.000000 -1.437999 13.537179 -0.000000 -0.000000 -0.000000 10.890475 
13.527726 -0.600710 -0.000000 -0.600710 14.942005 -0.000000 -0.000000 -0.000000 10.849936 
13.714696 -1.235312 0.000000 -1.235312 12.699419 0.000000 0.000000 0.000000 10.646113 
11.209944 0.016718 0.000000 0.016718 9.542965 0.000000 0.000000 0.000000 9.500966 
9.611120 0.045695 0.000000 0.045695 10.836083 0.000000 0.000000 0.000000 9.445553 
12.032001 -0.613636 -0.000000 -0.613636 11.591575 0.000000 -0.000000 0.000000 10.126200 
10.969754 0.290753 -0.000000 0.290753 10.240437 0.000000 -0.000000 0.000000 9.548532 
14.030037 -1.626008 -0.000000 -1.626008 12.065412 0.000000 -0.000000 0.000000 10.819163 
12.693369 0.225607 0.000000 0.225607 12.791462 0.000000 0.000000 0.000000 10.339325 
10.220102 -0.274398 0.000000 -0.274398 10.084167 0.000000 0.000000 0.000000 9.508063 
10.797272 -0.122079 0.000000 -0.122079 10.938406 0.000000 0.000000 0.000000 9.721122 
9.910710 0.013162 -0.000000 0.013162 9.019414 0.000000 -0.000000 0.000000 9.188282 
11.365342 0.083289 0.000000 0.083289 9.001099 0.000000 0.000000 0.000000 9.365738 
10.846163 -0.557627 -0.000000 -0.557627 10.554179 0.000000 -0.000000 0.000000 9.776478 
10.314832 -0.614211 0.000000 -0.614211 10.113655 0.000000 0.000000 0.000000 9.663850 
10.119271 -0.030935 0.000000 -0.030935 9.025068 0.000000 0.000000 0.000000 9.290494 
13.162020 0.265163 -0.000000 0.265163 12.598172 -0.000000 -0.000000 -0.000000 10.378997 
10.611142 -0.416493 0.000000 -0.416493 10.026600 0.000000 0.000000 0.000000 9.649996 
11.406899 -0.139306 0.000000 -0.139306 11.148641 0.000000 0.000000 0.000000 9.868492 
8.657451 0.331060 0.000000 0.331060 9.138351 0.000000 0.000000 0.000000 8.849543 
15.181377 -1.010030 0.000000 -1.010030 11.563156 -0.000000 0.000000 -0.000000 10.973892 
10.223527 0.542852 -0.000000 0.542852 11.278843 -0.000000 -0.000000 -0.000000 9.599216 
11.580270 0.078194 0.000000 0.078194 11.327706 0.000000 0.000000 0.000000 9.901712 
9.176324 -0.204249 0.000000 -0.204249 14.394924 0.000000 0.000000 0.000000 9.880245 
8.779123 0.161713 0.000000 0.161713 7.313338 0.000000 0.000000 0.000000 8.440234 
10.593310 0.484115 0.000000 0.484115 10.149958 0.000000 0.000000 0.000000 9.433314 
9.562640 0.120218 0.000000 0.120218 8.387088 -0.000000 0.000000 -0.000000 8.958412 
11.450192 -0.250233 -0.000000 -0.250233 10.755419 0.000000 -0.000000 0.000000 9.830645 
9.184215 -0.663416 0.000000 -0.663416 14.252474 -0.000000 0.000000 -0.000000 9.866436 
12.963360 -0.803932 -0.000000 -0.803932 11.792267 -0.000000 -0.000000 -0.000000 10.348400 
12.354512 -2.392446 0.000000 -2.392446 15.736183 -0.000000 0.000000 -0.000000 10.767527 
9.986829 -0.937028 -0.000000 -0.937028 13.781760 -0.000000 -0.000000 -0.000000 10.019310 
12.205540 -0.107162 -0.000000 -0.107162 9.653724 -0.000000 -0.000000 -0.000000 9.767128 
12.839901 -0.249257 0.000000 -0.249257 10.463359 -0.000000 0.000000 -0.000000 10.008985 
8.390896 -0.091291 -0.000000 -0.091291 8.624481 0.000000 -0.000000 0.000000 8.840965 
10.365876 -0.144121 0.000000 -0.144121 15.055790 -0.000000 0.000000 -0.000000 10.257985 
9.593314 -0.519459 0.000000 -0.519459 11.331713 -0.000000 0.000000 -0.000000 9.582880 
13.114381 0.282248 -0.000000 0.282248 13.206610 -0.000000 -0.000000 -0.000000 10.476363 
8.577754 0.154322 0.000000 0.154322 7.969433 0.000000 0.000000 0.000000 8.667766 
12.172709 -0.543019 0.000000 -0.543019 14.265842 0.000000 0.000000 0.000000 10.523681 
15.394285 -0.161676 0.000000 -0.161676 10.433510 0.000000 0.000000 0.000000 10.302692 
10.670257 0.043072 0.000000 0.043072 9.669617 0.000000 0.000000 0.000000 9.427169 
10.293224 -0.573834 -0.000000 -0.573834 10.918850 0.000000 -0.000000 0.000000 9.695128 
13.097830 -0.034832 -0.000000 -0.034832 9.499843 -0.000000 -0.000000 -0.000000 9.856867 
11.041960 0.222358 0.000000 0.222358 8.062702 -0.000000 0.000000 -0.000000 9.118787 
12.545638 -0.005006 -0.000000 -0.005006 10.859860 -0.000000 -0.000000 -0.000000 9.976154 
9.337872 -0.008228 0.000000 -0.008228 8.935945 -0.000000 0.000000 -0.000000 9.065864 
12.682477 -0.476257 -0.000000 -0.476257 11.820638 -0.000000 -0.000000 -0.000000 10.240534 
7.945272 -0.103415 -0.000000 -0.103415 9.406125 0.000000 -0.000000 0.000000 8.812273 
8.211023 -0.134442 0.000000 -0.134442 10.617096 -0.000000 0.000000 -0.000000 9.085913 
8.911215 -0.062641 -0.000000 -0.062641 9.275536 0.000000 -0.000000 0.000000 9.036035 
12.827504 -0.583398 0.000000 -0.583398 11.661723 -0.000000 0.000000 -0.000000 10.260985 
12.488166 -0.891639 0.000000 -0.891639 11.623571 0.000000 0.000000 0.000000 10.274648 
7.498648 0.003784 -0.000000 0.003784 8.242356 0.000000 -0.000000 0.000000 8.464646 
13.443775 -0.397725 -0.000000 -0.397725 13.217499 -0.000000 -0.000000 -0.000000 10.567909 
9.614482 0.411952 0.000000 0.411952 9.503378 0.000000 0.000000 0.000000 9.110647 
9.248521 -0.035106 0.000000 -0.035106 10.274702 0.000000 0.000000 0.000000 9.278971 
9.133763 0.152721 0.000000 0.152721 8.106770 0.000000 0.000000 0.000000 8.792191 
10.961868 -0.754809 -0.000000 -0.754809 12.266529 0.000000 -0.000000 0.000000 10.032892 
11.185194 0.012535 0.000000 0.012535 9.165403 0.000000 0.000000 0.000000 9.447393 
12.642226 0.144194 -0.000000 0.144194 12.896778 -0.000000 -0.000000 -0.000000 10.353445 
15.170366 -0.454617 0.000000 -0.454617 10.851732 -0.000000 0.000000 -0.000000 10.477712 
10.619641 0.219782 0.000000 0.219782 8.212795 -0.000000 0.000000 -0.000000 9.119595 
18.201784 -0.870474 0.000000 -0.870474 11.815764 -0.000000 0.000000 -0.000000 11.080751 
11.655325 -1.173656 -0.000000 -1.173656 11.218553 0.000000 -0.000000 0.000000 10.162641 
11.643611 -0.101316 -0.000000 -0.101316 11.962698 -0.000000 -0.000000 -0.000000 10.044998 
10.570291 0.121394 -0.000000 0.121394 8.437226 -0.000000 -0.000000 -0.000000 9.114722 
9.218577 -0.252912 0.000000 -0.252912 9.331681 -0.000000 0.000000 -0.000000 9.191220 
9.671322 0.363576 0.000000 0.363576 12.606025 -0.000000 0.000000 -0.000000 9.728250 
8.651437 0.147240 -0.000000 0.147240 8.110851 0.000000 -0.000000 0.000000 8.759298 
9.859811 0.150795 0.000000 0.150795 9.761742 0.000000 0.000000 0.000000 9.272543 
13.717883 -0.847073 0.000000 -0.847073 11.911290 -0.000000 0.000000 -0.000000 10.490813 
11.959635 -1.131895 -0.000000 -1.131895 12.434099 -0.000000 -0.000000 -0.000000 10.292215 
15.226753 -0.267591 0.000000 -0.267591 10.487019 -0.000000 0.000000 -0.000000 10.336109 
10.111962 -0.859096 0.000000 -0.859096 10.918388 -0.000000 0.000000 -0.000000 9.697249 
13.413541 -0.499260 -0.000000 -0.499260 11.393945 0.000000 -0.000000 0.000000 10.295426 
9.096288 0.067715 -0.000000 0.067715 9.199254 -0.000000 -0.000000 -0.000000 9.025624 
9.024152 0.179383 0.000000 0.179383 8.441524 -0.000000 0.000000 -0.000000 8.800586 
12.036761 0.240874 -0.000000 0.240874 10.878722 -0.000000 -0.000000 -0.000000 9.869330 
12.017729 -0.790038 0.000000 -0.790038 12.401276 -0.000000 0.000000 -0.000000 10.255721 
10.770286 -0.518311 -0.000000 -0.518311 10.487443 -0.000000 -0.000000 -0.000000 9.742554 
13.240653 -0.641186 0.000000 -0.641186 11.239775 -0.000000 0.000000 -0.000000 10.299784 
11.012039 0.188411 0.000000 0.188411 7.896226 0.000000 0.000000 0.000000 9.041962 
9.040920 0.122520 0.000000 0.122520 8.312682 0.000000 0.000000 0.000000 8.825493 
11.186083 0.094137 0.000000 0.094137 9.311628 0.000000 0.000000 0.000000 9.412048 
9.963114 -0.197785 0.000000 -0.197785 9.813925 0.000000 0.000000 0.000000 9.395067 
8.673000 -0.096736 0.000000 -0.096736 8.727442 -0.000000 0.000000 -0.000000 8.968540 
11.728261 -0.096963 -0.000000 -0.096963 11.170292 -0.000000 -0.000000 -0.000000 9.920088 
8.052685 0.161454 0.000000 0.161454 8.367830 0.000000 0.000000 0.000000 8.583426 
10.041334 0.000063 0.171207 0.000063 9.404468 0.000127 0.171207 0.000127 9.796250 
12.803422 -0.960115 0.000000 -0.960115 13.657955 -0.000000 0.000000 -0.000000 10.574372 
10.509635 0.273468 -0.000000 0.273468 9.473361 -0.000000 -0.000000 -0.000000 9.287695 
9.553285 -0.744901 0.000000 -0.744901 11.595252 0.000000 0.000000 0.000000 9.625726 
9.592564 -0.134375 0.215257 -0.134375 9.966995 -0.144985 0.215257 -0.144985 9.635824 
12.194727 0.039814 -0.000000 0.039814 9.116330 -0.000000 -0.000000 -0.000000 9.515165 
12.402731 0.096347 -0.000000 0.096347 13.292563 -0.000000 -0.000000 -0.000000 10.382202 
11.008732 -0.503958 -0.000000 -0.503958 10.397575 0.000000 -0.000000 0.000000 9.785707 
9.450852 0.314480 0.000000 0.314480 7.895425 -0.000000 0.000000 -0.000000 8.851243 
10.133796 -0.092385 0.000000 -0.092385 11.945268 0.000000 0.000000 0.000000 9.755897 
11.849063 -1.597225 0.000000 -1.597225 14.716530 -0.000000 0.000000 -0.000000 10.556951 
15.806194 -0.408155 -0.000000 -0.408155 10.771080 0.000000 -0.000000 0.000000 10.523986 
9.901436 -0.543488 -0.000000 -0.543488 12.140855 -0.000000 -0.000000 -0.000000 9.769891 
9.377620 0.000137 0.000439 0.000137 10.046729 -0.000115 0.000439 -0.000115 9.693739 
8.133323 0.090633 -0.000000 0.090633 10.170758 0.000000 -0.000000 0.000000 8.969291 
11.821194 -1.010312 -0.000000 -1.010312 12.514701 -0.000000 -0.000000 -0.000000 10.259920 
11.339680 0.087629 -0.000000 0.087629 8.967541 -0.000000 -0.000000 -0.000000 9.347084 
12.481704 -0.635809 0.000000 -0.635809 13.372732 -0.000000 0.000000 -0.000000 10.455392 
8.892115 -0.057293 0.000000 -0.057293 10.693588 0.000000 0.000000 0.000000 9.269766 
15.045632 -0.770632 0.000000 -0.770632 12.666365 -0.000000 0.000000 -0.000000 10.751904 
9.169592 -0.104704 0.000000 -0.104704 9.523160 -0.000000 0.000000 -0.000000 9.147933 
11.040464 0.111254 0.000000 0.111254 9.395518 0.000000 0.000000 0.000000 9.403130 
11.184752 0.416586 0.000000 0.416586 10.662791 0.000000 0.000000 0.000000 9.662381 
9.647764 0.232620 0.000000 0.232620 9.890176 0.000000 0.000000 0.000000 9.242587 
13.891837 -0.199157 0.000000 -0.199157 10.141039 -0.000000 0.000000 -0.000000 10.253150 
8.920874 -0.038221 -0.000000 -0.038221 9.183763 0.000000 -0.000000 0.000000 9.016207 
11.470535 0.000743 0.000000 0.000743 14.688752 0.000000 0.000000 0.000000 10.432493 
9.665829 0.301413 0.000000 0.301413 7.977090 0.000000 0.000000 0.000000 8.915058 
9.711716 0.000015 -0.000041 0.000015 10.009949 0.000015 -0.000041 0.000015 9.365935 
9.729322 -0.049799 0.000000 -0.049799 10.224409 0.000000 0.000000 0.000000 9.376164 
11.092033 0.334718 -0.000000 0.334718 13.869078 0.000000 -0.000000 0.000000 10.224332 
11.264385 0.049537 0.000000 0.049537 8.997414 0.000000 0.000000 0.000000 9.407029 
10.328226 -1.098396 0.000000 -1.098396 14.174412 -0.000000 0.000000 -0.000000 10.151300 
9.972172 0.155327 0.000000 0.155327 9.976013 -0.000000 0.000000 -0.000000 9.337670 
7.846819 0.213204 0.000000 0.213204 9.087048 0.000000 0.000000 0.000000 8.670937 
12.232029 -2.120396 -0.000000 -2.120396 15.010983 0.000000 -0.000000 0.000000 10.669570 
9.610803 -0.033298 -0.000000 -0.033298 8.893888 0.000000 -0.000000 0.000000 9.197793 
7.576904 0.112980 0.000000 0.112980 8.201185 -0.000000 0.000000 -0.000000 8.442262 
9.730382 0.170763 0.000000 0.170763 7.566218 0.000000 0.000000 0.000000 8.712336 
9.315571 0.141655 0.000000 0.141655 8.215006 0.000000 0.000000 0.000000 8.872123 
11.301331 -0.504622 0.000000 -0.504622 11.811139 0.000000 0.000000 0.000000 10.007465 
9.702453 0.000008 0.000000 0.000008 10.007568 -0.000000 0.000000 -0.000000 9.364867 
9.014475 0.194801 -0.000000 0.194801 8.292280 -0.000000 -0.000000 -0.000000 8.746080 
13.124181 -0.416586 0.000000 -0.416586 11.753109 0.000000 0.000000 0.000000 10.288116 
11.694247 -0.831024 -0.000000 -0.831024 11.019860 0.000000 -0.000000 0.000000 10.073345 
9.329110 0.011771 -0.000000 0.011771 8.835177 -0.000000 -0.000000 -0.000000 9.041017 
9.479600 0.071942 0.000000 0.071942 11.332445 0.000000 0.000000 0.000000 9.499584 
7.897830 0.144835 0.000000 0.144835 7.994667 0.000000 0.000000 0.000000 8.474759 
11.176625 0.498554 -0.000000 0.498554 11.741384 -0.000000 -0.000000 -0.000000 9.871422 
9.655055 0.134074 0.000000 0.134074 8.396105 0.000000 0.000000 0.000000 9.025523 
11.548108 0.083942 0.000000 0.083942 9.286310 0.000000 0.000000 0.000000 9.460508 
10.464848 -0.308732 -0.000000 -0.308732 9.699565 0.000000 -0.000000 0.000000 9.702452 
9.488326 -1.367456 0.000000 -1.367456 11.499761 -0.000000 0.000000 -0.000000 9.598743 
9.619576 -1.149117 -0.000000 -1.149117 11.089583 -0.000000 -0.000000 -0.000000 9.598253 
7.603589 0.200425 0.000000 0.200425 7.203611 0.000000 0.000000 0.000000 8.175735 
10.039316 -0.159526 -0.000000 -0.159526 9.774370 -0.000000 -0.000000 -0.000000 9.399585 
9.066898 0.232551 -0.000000 0.232551 9.096770 -0.000000 -0.000000 -0.000000 8.949648 
10.596948 0.013678 -0.000000 0.013678 9.624942 -0.000000 -0.000000 -0.000000 9.415538 
8.192355 -0.679689 0.000000 -0.679689 10.284141 -0.000000 0.000000 -0.000000 9.059059 
11.908693 -0.239596 0.000000 -0.239596 10.419997 0.000000 0.000000 0.000000 9.854341 
12.720654 -1.403290 0.000000 -1.403290 13.245880 0.000000 0.000000 0.000000 10.550500 
11.580852 0.189320 -0.000000 0.189320 10.102295 -0.000000 -0.000000 -0.000000 9.632965 
9.326300 -1.191471 -0.000000 -1.191471 12.169877 0.000000 -0.000000 0.000000 9.642676 
8.834494 -0.021230 -0.000000 -0.021230 9.012145 -0.000000 -0.000000 -0.000000 8.962619 
10.959705 0.282693 0.000000 0.282693 10.356754 0.000000 0.000000 0.000000 9.574020 
9.412748 -0.781674 -0.000000 -0.781674 10.118627 0.000000 -0.000000 0.000000 9.426734 
11.924375 -0.004100 0.000000 -0.004100 9.496973 0.000000 0.000000 0.000000 9.612051 
11.704473 -0.734523 -0.000000 -0.734523 12.464705 -0.000000 -0.000000 -0.000000 10.200794 
10.584110 0.211616 -0.000000 0.211616 9.530191 -0.000000 -0.000000 -0.000000 9.332208 
7.930303 0.127689 0.000000 0.127689 8.038469 -0.000000 0.000000 -0.000000 8.502697 
7.947040 0.142395 0.000000 0.142395 7.980602 -0.000000 0.000000 -0.000000 8.576240 
7.720593 0.246033 -0.000000 0.246033 7.834176 0.000000 -0.000000 0.000000 8.326932 
7.804595 0.353358 0.000000 0.353358 8.630862 0.000000 0.000000 0.000000 8.524706 
8.381970 0.219390 -0.000000 0.219390 7.964270 0.000000 -0.000000 0.000000 8.514298 
9.396543 0.247444 -0.000000 0.247444 7.570256 -0.000000 -0.000000 -0.000000 8.690498 
11.729648 -0.027133 0.000000 -0.027133 13.423449 0.000000 0.000000 0.000000 10.292827 
9.923144 0.251879 0.000000 0.251879 8.443616 -0.000000 0.000000 -0.000000 9.144104 
16.553037 -1.276428 0.000000 -1.276428 12.914475 -0.000000 0.000000 -0.000000 11.076049 
9.461733 -0.288999 -0.000000 -0.288999 9.336095 0.000000 -0.000000 0.000000 9.298954 
11.850384 0.105118 0.000000 0.105118 14.439556 -0.000000 0.000000 -0.000000 10.463433 
10.281567 -1.599852 0.000000 -1.599852 12.488298 -0.000000 0.000000 -0.000000 9.933260 
10.354927 -0.435828 0.000000 -0.435828 10.607239 -0.000000 0.000000 -0.000000 9.643296 
9.888508 0.245298 -0.003667 0.245298 9.621645 -0.129266 -0.003667 -0.129266 9.500714 
8.645859 -0.423971 -0.000000 -0.423971 9.897842 0.000000 -0.000000 0.000000 9.130809 
