16.731864 -2.811301 1.557647 -2.811301 17.381775 -1.417489 1.557647 -1.417489 14.945148 
16.924914 3.272804 0.572997 3.272804 17.840496 1.069424 0.572997 1.069424 14.399500 
15.282459 2.343785 1.454537 2.343785 17.483390 1.114710 1.454537 1.114710 15.527443 
16.954290 -0.599048 3.334484 -0.599048 14.578148 -0.214079 3.334484 -0.214079 18.117961 
14.439802 -0.825687 0.650916 -0.825687 15.239274 -1.874212 0.650916 -1.874212 18.837546 
15.942211 -2.603518 2.291868 -2.603518 17.316075 -0.978408 2.291868 -0.978408 15.453471 
14.972238 0.426189 -0.301598 0.426189 16.141022 -3.226579 -0.301598 -3.226579 18.932263 
14.284764 0.762094 -1.068320 0.762094 15.915934 -2.747871 -1.068320 -2.747871 18.662271 
15.184710 2.328094 -0.562548 2.328094 18.094837 -2.370917 -0.562548 -2.370917 15.254917 
16.804417 0.331674 2.404885 0.331674 13.497164 -0.265291 2.404885 -0.265291 16.856313 
14.466213 -0.115607 0.111729 -0.115607 16.976555 3.073660 0.111729 3.073660 18.570890 
14.929430 0.115066 -0.557113 0.115066 19.445284 3.284789 -0.557113 3.284789 15.413105 
16.807007 -2.155929 2.258282 -2.155929 16.646495 -2.289974 2.258282 -2.289974 15.775880 
18.102894 0.751581 3.100395 0.751581 13.660720 0.681971 3.100395 0.681971 15.871239 
15.764169 -0.107995 2.451012 -0.107995 13.312349 1.135201 2.451012 1.135201 18.251962 
20.338827 -1.953774 -0.652626 -1.953774 14.839958 0.656514 -0.652626 0.656514 13.868395 
18.272096 2.173678 -1.179575 2.173678 14.602041 -1.323425 -1.179575 -1.323425 15.413147 
18.350401 1.008285 -2.973114 1.008285 14.288812 0.096825 -2.973114 0.096825 16.402682 
21.001158 -2.146905 1.421370 -2.146905 15.179681 0.664642 1.421370 0.664642 15.152159 
16.981965 2.103782 2.083451 2.103782 15.975907 1.289300 2.083451 1.289300 15.010946 
19.546598 -0.162187 1.593629 -0.162187 12.944691 0.158572 1.593629 0.158572 15.681017 
16.108644 0.315083 -2.604471 0.315083 14.010098 -0.071642 -2.604471 -0.071642 19.513057 
16.829679 3.148603 0.432758 3.148603 17.357947 -1.122975 0.432758 -1.122975 13.945783 
14.103444 0.241820 0.828512 0.241820 16.184189 -2.673955 0.828512 -2.673955 16.538036 
13.970040 -1.251356 -0.710415 -1.251356 19.369955 -0.470780 -0.710415 -0.470780 14.815431 
18.721118 1.930658 -0.627534 1.930658 14.740490 -0.295182 -0.627534 -0.295182 13.404575 
18.895733 -0.623731 -2.683933 -0.623731 14.711491 -0.307706 -2.683933 -0.307706 14.734094 
15.067018 -2.662269 1.196686 -2.662269 18.550108 -1.929824 1.196686 -1.929824 16.005960 
16.856176 -3.681097 -0.276485 -3.681097 16.483676 -0.274949 -0.276485 -0.274949 15.210034 
17.011560 -3.156553 0.072523 -3.156553 18.042471 -0.240647 0.072523 -0.240647 14.281626 
14.637138 -0.555368 1.409874 -0.555368 14.781809 -1.489062 1.409874 -1.489062 18.522631 
13.750887 1.573896 1.459609 1.573896 15.353757 1.456687 1.459609 1.456687 18.716052 
19.497760 0.454066 1.481030 0.454066 14.043098 -0.002596 1.481030 -0.002596 14.286429 
13.782518 -0.367628 0.079543 -0.367628 20.100536 -1.444020 0.079543 -1.444020 13.903633 
15.602991 -1.283094 -1.747448 -1.283094 14.798310 2.640592 -1.747448 2.640592 17.793001 
17.714072 -1.327770 2.245674 -1.327770 16.675176 -1.134775 2.245674 -1.134775 15.130519 
17.597260 -1.868843 -1.159535 -1.868843 13.438298 0.975134 -1.159535 0.975134 15.225107 
21.210344 -0.192272 0.253278 -0.192272 15.797632 -1.046228 0.253278 -1.046228 14.152353 
16.018695 -2.695011 1.013356 -2.695011 17.601450 -1.561014 1.013356 -1.561014 15.616254 
17.051108 -2.901202 0.934569 -2.901202 16.677282 -0.360333 0.934569 -0.360333 14.484749 
19.466988 2.114935 -0.156756 2.114935 15.657880 -0.112414 -0.156756 -0.112414 14.060386 
13.953828 0.150070 -0.523731 0.150070 13.600395 -0.592216 -0.523731 -0.592216 18.476205 
14.080748 -1.736536 1.500243 -1.736536 19.248901 -1.191731 1.500243 -1.191731 14.756866 
18.155618 -0.967674 2.749551 -0.967674 13.925402 -1.461726 2.749551 -1.461726 16.028657 
19.495281 -1.359317 -0.997738 -1.359317 14.333281 0.314372 -0.997738 0.314372 14.025216 
15.488087 1.430264 -2.205903 1.430264 14.344740 -1.609221 -2.205903 -1.609221 15.712323 
15.649317 2.651712 0.110804 2.651712 18.915831 1.396392 0.110804 1.396392 14.239133 
19.202170 0.602747 2.251296 0.602747 14.242787 0.137541 2.251296 0.137541 14.922991 
17.437041 1.107719 2.380040 1.107719 14.135814 0.719384 2.380040 0.719384 15.741046 
14.242388 -0.337279 0.302500 -0.337279 18.319812 -3.441892 0.302500 -3.441892 17.866258 
14.524113 -2.480397 -1.157256 -2.480397 18.151304 1.899623 -1.157256 1.899623 15.985455 
18.814539 1.983557 0.167305 1.983557 15.159524 -1.056433 0.167305 -1.056433 14.217894 
13.842937 0.192575 0.602330 0.192575 14.522355 1.930188 0.602330 1.930188 19.109719 
18.011729 -2.637867 -1.200987 -2.637867 16.063760 0.131360 -1.200987 0.131360 14.416815 
14.343863 0.281416 -1.213445 0.281416 13.972712 -1.797611 -1.213445 -1.797611 19.285505 
16.901333 -0.272605 -3.001560 -0.272605 13.883047 -0.431323 -3.001560 -0.431323 18.188249 
17.564027 -2.652176 2.751315 -2.652176 16.660917 -1.574435 2.751315 -1.574435 15.749002 
15.767328 2.999819 0.407623 2.999819 17.515839 -0.961382 0.407623 -0.961382 14.841620 
14.206346 -0.751337 -0.194291 -0.751337 18.586024 1.747674 -0.194291 1.747674 13.620781 
15.569305 2.276660 -0.575296 2.276660 17.974542 -2.670276 -0.575296 -2.670276 16.380409 
19.449066 -1.158683 2.820295 -1.158683 15.311956 -1.239760 2.820295 -1.239760 15.516143 
14.154757 -1.836924 -1.202413 -1.836924 16.127748 2.521615 -1.202413 2.521615 16.788133 
17.883012 0.853502 -2.125554 0.853502 13.437006 -0.925353 -2.125554 -0.925353 15.302526 
17.716518 -2.925040 1.279639 -2.925040 15.480752 -0.500160 1.279639 -0.500160 15.050682 
18.891409 1.774480 2.331603 1.774480 14.178683 1.009101 2.331603 1.009101 15.927027 
15.074893 -2.403162 1.974972 -2.403162 16.021521 -1.574831 1.974972 -1.574831 17.126037 
19.735874 0.971940 -1.221892 0.971940 14.307060 -0.283669 -1.221892 -0.283669 14.499467 
16.744306 -1.772569 -1.792485 -1.772569 16.654812 2.604831 -1.792485 2.604831 16.158970 
17.714931 0.067120 -3.339547 0.067120 14.656740 -0.011572 -3.339547 -0.011572 18.089331 
18.005268 2.385697 0.305389 2.385697 17.074115 -0.377977 0.305389 -0.377977 13.245597 
17.355394 2.535637 -0.038000 2.535637 16.097686 1.442858 -0.038000 1.442858 13.398751 
13.495386 0.347821 -0.061646 0.347821 14.228178 -0.133063 -0.061646 -0.133063 19.825638 
16.045537 -2.551096 -0.529048 -2.551096 16.768355 1.252803 -0.529048 1.252803 14.589152 
17.815659 3.569048 -0.346945 3.569048 16.999713 0.931099 -0.346945 0.931099 14.926966 
15.468618 -1.994385 0.284493 -1.994385 18.658830 -1.440485 0.284493 -1.440485 14.576997 
14.282341 0.883163 -0.606018 0.883163 20.352760 -0.634418 -0.606018 -0.634418 13.887255 
16.960024 3.024551 0.240701 3.024551 18.518134 0.893150 0.240701 0.893150 14.269380 
19.793732 0.726774 0.916682 0.726774 14.287376 0.116403 0.916682 0.116403 14.233598 
17.269320 -3.333693 -0.193179 -3.333693 17.376110 -0.234489 -0.193179 -0.234489 14.849167 
13.513317 0.917455 -1.209635 0.917455 16.535355 -1.760637 -1.209635 -1.760637 16.613484 
14.385892 -0.328116 -1.352161 -0.328116 16.008497 1.884153 -1.352161 1.884153 19.677266 
14.626718 -0.798818 -0.749035 -0.798818 17.026462 3.452218 -0.749035 3.452218 18.303940 
16.322438 2.510280 0.255254 2.510280 16.447469 0.305480 0.255254 0.305480 13.980040 
18.544956 -1.355068 1.839523 -1.355068 14.426655 -1.302787 1.839523 -1.302787 13.952116 
17.306365 -0.904786 2.596029 -0.904786 14.435288 -0.387632 2.596029 -0.387632 16.371689 
16.941854 1.339605 -2.660568 1.339605 14.480979 -1.375451 -2.660568 -1.375451 15.548894 
17.079360 -1.744194 1.482190 -1.744194 15.765054 -1.889666 1.482190 -1.889666 16.621360 
14.134776 -0.348333 -0.491641 -0.348333 17.434632 2.737152 -0.491641 2.737152 16.654059 
17.584843 0.887137 -2.229809 0.887137 13.709986 -0.158225 -2.229809 -0.158225 15.348579 
14.488222 1.204459 -1.721833 1.204459 14.169526 -1.709183 -1.721833 -1.709183 19.137686 
18.228988 0.033916 -2.732854 0.033916 14.501517 -0.425515 -2.732854 -0.425515 15.913878 
17.061276 -2.590062 -0.869155 -2.590062 17.353625 1.736955 -0.869155 1.736955 15.700728 
17.105809 -3.263476 0.883965 -3.263476 17.641609 -0.769976 0.883965 -0.769976 14.482771 
14.594035 0.989550 0.886315 0.989550 15.461198 2.725764 0.886315 2.725764 17.800311 
16.960731 2.049864 1.778269 2.049864 16.629203 2.446354 1.778269 2.446354 16.346486 
13.973903 -0.979233 0.375253 -0.979233 20.326543 -0.524076 0.375253 -0.524076 15.394112 
14.138218 0.071491 -1.640514 0.071491 16.198444 -2.508814 -1.640514 -2.508814 17.815426 
13.697525 -0.712571 0.781280 -0.712571 16.958761 -2.758290 0.781280 -2.758290 17.325857 
14.332448 1.788385 0.838539 1.788385 19.484131 -0.852172 0.838539 -0.852172 14.253141 
18.117250 -2.248264 -1.625212 -2.248264 14.738631 1.181774 -1.625212 1.181774 15.722934 
14.668055 1.721659 2.125299 1.721659 16.345416 1.988707 2.125299 1.988707 18.753492 
19.596005 -2.446143 0.752320 -2.446143 15.812634 0.824887 0.752320 0.824887 14.367493 
14.541576 -0.865738 -0.589961 -0.865738 14.844828 1.919268 -0.589961 1.919268 19.950305 
14.727298 0.189869 -0.439172 0.189869 20.202966 1.869138 -0.439172 1.869138 13.742197 
14.159170 -0.767199 -0.763713 -0.767199 18.195233 2.791322 -0.763713 2.791322 15.925971 
18.380540 1.874776 -1.938335 1.874776 14.191868 -1.281542 -1.938335 -1.281542 16.644691 
14.892583 0.243808 1.975993 0.243808 14.585150 1.025292 1.975993 1.025292 20.348929 
18.513643 1.427904 0.746272 1.427904 15.326896 -0.217770 0.746272 -0.217770 13.583202 
14.497090 0.149781 -2.730837 0.149781 14.190834 1.184678 -2.730837 1.184678 18.446674 
18.110110 -3.313005 -0.780568 -3.313005 15.347293 0.588308 -0.780568 0.588308 14.616547 
14.891414 -0.460448 1.853189 -0.460448 14.283148 1.518040 1.853189 1.518040 18.919073 
16.163789 1.652562 3.234866 1.652562 14.636728 0.769824 3.234866 0.769824 18.728097 
13.265669 0.185742 -0.392259 0.185742 16.545560 -2.609332 -0.392259 -2.609332 18.598172 
13.432384 -0.365763 -0.281121 -0.365763 16.227858 -2.264363 -0.281121 -2.264363 17.398726 
14.147898 0.056592 0.075673 0.056592 18.958093 2.516043 0.075673 2.516043 15.146733 
14.766898 0.200086 -0.398541 0.200086 14.654527 -3.203809 -0.398541 -3.203809 18.621661 
14.339878 0.160736 -0.701597 0.160736 14.360176 0.125532 -0.701597 0.125532 19.712409 
18.420114 -1.428217 -0.294464 -1.428217 15.017492 0.161655 -0.294464 0.161655 13.722372 
17.749822 -1.653722 -2.117428 -1.653722 14.460875 1.299979 -2.117428 1.299979 14.774574 
15.555541 2.415769 -1.376852 2.415769 16.719025 -2.170721 -1.376852 -2.170721 15.839403 
15.422003 2.034436 1.923018 2.034436 15.957524 1.390135 1.923018 1.390135 15.179050 
15.767772 3.062251 0.112930 3.062251 17.667155 0.013073 0.112930 0.013073 14.350248 
18.522540 -2.175089 0.823812 -2.175089 15.019204 -0.324291 0.823812 -0.324291 13.765924 
17.089112 -1.238000 1.965403 -1.238000 14.519446 -1.096699 1.965403 -1.096699 15.528871 
15.332966 1.564491 -1.106198 1.564491 18.505059 -1.837084 -1.106198 -1.837084 14.046626 
14.792414 -1.501052 -1.426167 -1.501052 17.791656 1.976190 -1.426167 1.976190 15.796159 
14.139486 0.170240 -0.058601 0.170240 14.212403 -1.601614 -0.058601 -1.601614 19.403607 
18.337276 0.245683 -3.121505 0.245683 14.430804 -0.413289 -3.121505 -0.413289 15.989209 
14.262835 0.847037 0.528301 0.847037 14.540305 2.165234 0.528301 2.165234 18.341915 
17.804863 1.073370 -2.788270 1.073370 14.363094 -1.184943 -2.788270 -1.184943 15.551743 
15.348313 -1.917689 -1.633395 -1.917689 16.893977 2.263095 -1.633395 2.263095 16.239910 
15.331240 -0.170243 2.277408 -0.170243 14.537541 -0.632806 2.277408 -0.632806 19.215450 
14.048269 -0.737270 -0.595863 -0.737270 16.709073 2.804317 -0.595863 2.804317 17.142507 
18.528034 -2.435041 -1.710817 -2.435041 15.046018 1.168432 -1.710817 1.168432 15.217029 
13.861532 -0.029847 -1.906406 -0.029847 14.906901 -0.807937 -1.906406 -0.807937 19.716276 
14.866447 2.071117 0.728246 2.071117 18.828986 2.388399 0.728246 2.388399 15.008727 
14.918578 -2.331296 0.821163 -2.331296 17.734326 -1.533423 0.821163 -1.533423 16.335016 
19.171662 -0.961841 2.441727 -0.961841 15.037118 -0.238357 2.441727 -0.238357 13.866972 
18.786941 -2.734903 -2.352387 -2.734903 16.168056 0.762561 -2.352387 0.762561 15.322207 
15.697449 -1.090113 2.352066 -1.090113 15.272662 -1.931674 2.352066 -1.931674 17.864276 
14.677038 0.128068 -0.408564 0.128068 14.485161 -2.124127 -0.408564 -2.124127 18.949920 
16.373655 -0.236748 2.972325 -0.236748 14.076335 -0.824290 2.972325 -0.824290 19.430759 
19.823905 1.047478 0.340658 1.047478 14.484709 0.014403 0.340658 0.014403 14.358315 
18.935419 2.830958 1.280427 2.830958 15.754087 0.338496 1.280427 0.338496 14.460606 
13.851756 0.483166 0.013413 0.483166 19.974420 -0.071507 0.013413 -0.071507 14.247868 
19.664622 -0.534171 1.988035 -0.534171 15.051566 -1.127151 1.988035 -1.127151 14.236033 
18.492565 1.491145 -1.800126 1.491145 14.856999 -1.363221 -1.800126 -1.363221 15.013433 
16.563753 -1.332605 -2.205716 -1.332605 14.800268 1.934192 -2.205716 1.934192 17.799644 
18.869079 -1.656803 -1.742100 -1.656803 14.699098 1.010787 -1.742100 1.010787 15.793617 
14.181971 0.170899 0.414587 0.170899 13.973517 0.820801 0.414587 0.820801 20.247555 
14.359912 -2.141700 0.135855 -2.141700 18.683692 -0.362050 0.135855 -0.362050 14.408019 
20.682541 0.045604 -1.247670 0.045604 15.350542 0.613588 -1.247670 0.613588 13.293670 
13.574480 -0.723847 -0.085472 -0.723847 18.866430 1.982030 -0.085472 1.982030 14.513136 
15.416911 0.397090 2.974610 0.397090 14.970921 0.533907 2.974610 0.533907 18.474491 
14.064262 0.036629 -1.188800 0.036629 20.533303 0.638943 -1.188800 0.638943 14.939488 
14.680243 -0.287425 -0.011373 -0.287425 16.284943 3.114175 -0.011373 3.114175 18.400573 
16.964463 1.912920 2.991120 1.912920 15.806576 1.758965 2.991120 1.758965 17.717779 
14.565754 -1.631072 0.105861 -1.631072 17.146954 3.389886 0.105861 3.389886 17.627317 
13.281940 -0.270122 -0.817281 -0.270122 14.531672 -1.026548 -0.817281 -1.026548 19.419228 
15.554896 1.550229 -1.151155 1.550229 16.116503 -1.753702 -1.151155 -1.753702 15.309101 
14.091280 0.122505 0.263498 0.122505 14.339343 1.463466 0.263498 1.463466 19.937010 
15.404035 1.413819 0.387939 1.413819 20.375512 0.900351 0.387939 0.900351 14.740492 
15.786788 2.144833 1.163263 2.144833 18.783145 1.295334 1.163263 1.295334 15.149399 
16.955088 3.024813 1.618696 3.024813 17.100242 1.535419 1.618696 1.535419 15.157590 
14.371501 -1.122566 0.194152 -1.122566 18.439025 -2.791602 0.194152 -2.791602 16.126503 
14.814665 1.500264 -1.732930 1.500264 15.466206 -2.291709 -1.732930 -2.291709 16.365417 
18.838067 -1.163978 -2.514625 -1.163978 14.487571 0.320266 -2.514625 0.320266 15.720563 
17.309842 -3.205632 1.161575 -3.205632 15.852709 -1.568100 1.161575 -1.568100 16.306665 
14.389484 1.437266 -0.717568 1.437266 17.526910 -2.485303 -0.717568 -2.485303 15.548143 
14.624418 0.630747 -1.731817 0.630747 14.713093 -1.012780 -1.731817 -1.012780 19.834809 
13.224110 -0.349260 0.076929 -0.349260 17.907101 -2.969178 0.076929 -2.969178 18.320617 
13.548576 -1.066949 -1.015109 -1.066949 18.934741 2.295077 -1.015109 2.295077 16.170988 
14.222738 -0.105855 -0.198035 -0.105855 18.093488 2.423857 -0.198035 2.423857 15.051170 
15.120155 -0.425267 0.268008 -0.425267 13.818058 -0.688407 0.268008 -0.688407 19.235419 
15.019931 -2.018594 -0.956966 -2.018594 19.276683 0.362341 -0.956966 0.362341 13.031144 
17.691749 3.076427 1.024322 3.076427 17.688830 -0.431462 1.024322 -0.431462 14.224429 
17.016513 -2.635347 0.689859 -2.635347 17.371573 -2.447705 0.689859 -2.447705 14.676472 
16.502904 0.379352 2.204718 0.379352 13.555361 -0.889637 2.204718 -0.889637 18.094279 
14.306307 0.899497 -1.073360 0.899497 18.699742 1.066987 -1.073360 1.066987 14.646677 
14.732129 1.200285 1.345656 1.200285 17.651650 3.146542 1.345656 3.146542 15.936002 
20.709495 0.715198 0.956356 0.715198 14.317504 0.119265 0.956356 0.119265 14.324927 
20.644956 1.868710 0.696840 1.868710 15.153974 -0.049107 0.696840 -0.049107 14.574590 
14.666746 -1.962564 -1.169772 -1.962564 17.614469 2.271792 -1.169772 2.271792 17.233525 
15.023738 -0.032755 -2.821074 -0.032755 14.544327 1.397240 -2.821074 1.397240 18.506051 
20.150613 1.284936 -0.813143 1.284936 13.840237 -0.211250 -0.813143 -0.211250 15.274053 
19.234112 -0.323945 -1.925160 -0.323945 14.287697 -0.016810 -1.925160 -0.016810 14.273860 
19.792566 1.369259 -1.996563 1.369259 13.900991 -1.459556 -1.996563 -1.459556 15.507394 
16.022143 -1.844176 -2.226343 -1.844176 16.828684 1.608329 -2.226343 1.608329 16.933152 
15.261192 1.118765 2.135469 1.118765 14.707297 1.047458 2.135469 1.047458 17.665740 
14.445144 0.183957 0.754288 0.183957 13.749664 -0.375673 0.754288 -0.375673 19.641286 
16.204368 -0.723814 -2.402051 -0.723814 14.328994 0.727971 -2.402051 0.727971 15.767285 
15.271774 -0.198297 2.427697 -0.198297 14.834298 -0.162510 2.427697 -0.162510 18.926671 
13.695457 1.533568 -0.475348 1.533568 18.883567 -2.022024 -0.475348 -2.022024 16.425847 
14.481150 -0.801844 -0.673776 -0.801844 17.580790 3.446773 -0.673776 3.446773 16.906259 
16.453295 3.397682 0.017505 3.397682 16.181658 0.153526 0.017505 0.153526 14.954049 
15.484051 2.603856 0.388351 2.603856 17.484183 0.712651 0.388351 0.712651 13.518487 
15.673098 0.241186 -2.333000 0.241186 14.504740 -0.234461 -2.333000 -0.234461 18.699603 
14.202438 -0.322175 -0.126842 -0.322175 16.840699 -2.845669 -0.126842 -2.845669 17.212438 
16.551540 -2.546344 -0.814793 -2.546344 16.834101 1.016116 -0.814793 1.016116 14.700237 
17.415616 2.661613 -1.089976 2.661613 16.285130 -1.507363 -1.089976 -1.507363 14.246255 
17.732225 0.187375 -3.539328 0.187375 14.669208 0.168537 -3.539328 0.168537 17.502632 
18.090796 2.963765 -0.043207 2.963765 16.937923 0.285785 -0.043207 0.285785 14.314292 
20.227762 -1.865806 -0.145794 -1.865806 15.318980 0.321232 -0.145794 0.321232 13.882294 
16.164970 -2.251512 1.438179 -2.251512 16.721725 -2.332353 1.438179 -2.332353 16.514833 
14.458307 -1.992073 0.660868 -1.992073 19.353270 -1.983251 0.660868 -1.983251 14.903797 
13.296275 0.780526 0.320225 0.780526 16.306514 2.876343 0.320225 2.876343 17.725688 
14.359069 1.657263 -0.646654 1.657263 19.352354 0.960912 -0.646654 0.960912 14.273478 
19.194384 3.228667 0.810424 3.228667 17.035464 -0.203333 0.810424 -0.203333 13.869895 
18.918585 0.927563 -2.590544 0.927563 14.581491 -0.293183 -2.590544 -0.293183 15.482167 
14.938097 -0.864223 0.612741 -0.864223 18.272427 -3.099173 0.612741 -3.099173 16.244272 
14.068681 0.710091 0.643934 0.710091 17.374141 2.804556 0.643934 2.804556 16.942154 
14.100717 -0.456155 2.090806 -0.456155 15.597770 -1.419524 2.090806 -1.419524 19.592104 
15.554294 -0.256348 1.720941 -0.256348 13.877757 1.314736 1.720941 1.314736 19.595820 
14.337484 0.126461 0.093055 0.126461 20.681319 0.612203 0.093055 0.612203 14.363320 
19.344408 -0.433618 -2.063093 -0.433618 14.414014 1.413011 -2.063093 1.413011 15.148414 
17.129992 -2.708963 -1.020358 -2.708963 15.967225 0.654127 -1.020358 0.654127 14.096234 
15.374048 -1.290047 2.689112 -1.290047 14.796342 -0.749484 2.689112 -0.749484 18.404909 
16.102970 -2.198544 -2.773427 -2.198544 16.664405 2.268292 -2.773427 2.268292 17.310275 
18.272308 1.713639 2.299488 1.713639 13.664512 0.180640 2.299488 0.180640 15.130525 
19.028480 2.102873 -0.541288 2.102873 15.763293 0.788469 -0.541288 0.788469 13.736599 
13.307418 0.852114 1.210317 0.852114 14.923968 1.638426 1.210317 1.638426 19.262691 
19.069219 1.761340 2.629969 1.761340 14.167031 0.204184 2.629969 0.204184 16.298707 
16.709469 -1.902343 1.993758 -1.902343 14.236967 -1.599304 1.993758 -1.599304 15.801521 
18.488808 -0.071950 2.371693 -0.071950 13.884330 0.414296 2.371693 0.414296 15.058237 
18.674579 0.054904 1.580307 0.054904 13.501629 0.225033 1.580307 0.225033 13.932165 
15.175437 -2.020796 -0.523805 -2.020796 19.002714 -0.809607 -0.523805 -0.809607 14.135692 
15.122732 -1.217946 0.870628 -1.217946 17.205516 -3.290112 0.870628 -3.290112 17.318692 
19.004898 2.877489 1.284717 2.877489 14.802282 -0.346577 1.284717 -0.346577 14.787030 
15.966952 2.213797 -0.796724 2.213797 20.233331 0.940890 -0.796724 0.940890 14.265355 
14.716848 -2.174566 0.852894 -2.174566 16.268196 -2.389753 0.852894 -2.389753 16.114451 
18.529312 2.180023 1.130869 2.180023 14.635021 -0.445209 1.130869 -0.445209 14.368463 
14.697507 -0.297782 -0.424885 -0.297782 14.868007 2.078518 -0.424885 2.078518 19.133962 
16.254255 1.625221 2.021187 1.625221 15.546826 1.798311 2.021187 1.798311 17.546087 
15.084888 -1.139852 -0.302056 -1.139852 17.996704 2.065431 -0.302056 2.065431 13.516585 
13.064477 0.930030 0.634245 0.930030 18.133465 2.315242 0.634245 2.315242 17.370417 
16.468310 -0.043615 -2.803837 -0.043615 14.389849 0.876078 -2.803837 0.876078 16.633108 
16.388585 3.067552 -1.590678 3.067552 16.583512 -1.308488 -1.590678 -1.308488 15.503082 
14.951454 2.366115 0.841288 2.366115 18.623363 1.609706 0.841288 1.609706 14.493175 
15.465079 1.120609 -2.361666 1.120609 16.507721 -2.740575 -2.361666 -2.740575 17.121580 
15.110709 -0.264722 -0.065146 -0.264722 13.550650 -0.896516 -0.065146 -0.896516 20.352499 
13.525200 -0.265620 0.041739 -0.265620 18.811345 -2.338892 0.041739 -2.338892 15.894569 
15.031301 -2.164102 -0.798642 -2.164102 18.725058 0.953754 -0.798642 0.953754 14.593229 
14.868960 2.394582 0.393019 2.394582 19.399890 0.950458 0.393019 0.950458 14.460789 
16.747342 -1.605934 2.795153 -1.605934 14.324300 -0.930566 2.795153 -0.930566 18.223728 
14.878411 0.749132 1.293486 0.749132 13.907158 1.382207 1.293486 1.382207 19.737024 
13.894117 -0.632591 -1.131710 -0.632591 14.092261 0.614067 -1.131710 0.614067 19.914289 
13.623679 1.026136 -1.024436 1.026136 17.740955 -2.199151 -1.024436 -2.199151 16.238195 
14.211111 -0.504020 0.921098 -0.504020 15.042596 -1.453176 0.921098 -1.453176 20.036171 
13.643147 0.205918 -0.121845 0.205918 15.504793 2.074661 -0.121845 2.074661 19.202886 
18.722761 0.514591 1.968095 0.514591 14.821552 -0.678257 1.968095 -0.678257 14.631342 
15.900043 0.729117 3.128905 0.729117 15.366378 1.587926 3.128905 1.587926 16.282759 
14.583746 -1.243126 -0.819884 -1.243126 14.757385 2.858911 -0.819884 2.858911 19.062201 
20.413317 0.205618 1.092680 0.205618 14.880760 0.508691 1.092680 0.508691 14.457328 
14.849613 0.801223 0.831423 0.801223 18.718706 3.244477 0.831423 3.244477 16.719153 
14.913811 -1.116731 -0.233251 -1.116731 20.172211 -2.342234 -0.233251 -2.342234 14.440973 
16.821654 -2.207936 -1.289843 -2.207936 16.039076 2.584779 -1.289843 2.584779 15.586974 
13.085975 0.530004 0.579510 0.530004 16.637401 2.334400 0.579510 2.334400 17.885775 
15.367769 0.117882 0.781616 0.117882 13.420724 1.842706 0.781616 1.842706 17.998872 
14.846972 -1.583057 -1.094335 -1.583057 18.922365 2.507411 -1.094335 2.507411 15.350771 
15.928442 -0.728220 2.455066 -0.728220 13.707067 0.521717 2.455066 0.521717 19.313765 
16.095474 -1.896436 -0.112927 -1.896436 17.268822 -0.971874 -0.112927 -0.971874 13.372181 
16.823199 -2.397993 2.455673 -2.397993 15.702314 -1.049105 2.455673 -1.049105 15.613429 
17.084412 0.528256 -2.558154 0.528256 14.148393 -0.322886 -2.558154 -0.322886 15.331485 
15.791002 -0.469181 2.490950 -0.469181 14.115194 0.354881 2.490950 0.354881 20.023337 
16.289919 2.919581 -0.043259 2.919581 18.941606 1.244887 -0.043259 1.244887 13.415156 
16.079771 2.714268 0.993027 2.714268 17.454844 2.444834 0.993027 2.444834 15.734552 
13.271183 0.926676 0.631707 0.926676 20.384811 1.893544 0.631707 1.893544 15.994300 
17.131314 -3.321555 0.252481 -3.321555 16.856587 -0.586887 0.252481 -0.586887 14.621059 
13.428998 -0.797265 -1.210698 -0.797265 16.017247 2.307481 -1.210698 2.307481 17.773938 
15.792866 1.388330 2.669494 1.388330 15.203627 1.693172 2.669494 1.693172 16.563399 
15.472509 0.101604 -2.295221 0.101604 13.617617 -0.614382 -2.295221 -0.614382 18.982761 
15.430221 2.373001 -0.702908 2.373001 18.444091 0.713626 -0.702908 0.713626 14.052991 
12.962966 0.131817 0.967125 0.131817 15.539009 -1.789794 0.967125 -1.789794 20.493316 
20.123351 -0.506578 -0.944590 -0.506578 13.981983 0.097598 -0.944590 0.097598 13.806806 
18.027901 -3.332151 -0.660052 -3.332151 16.999639 0.956000 -0.660052 0.956000 14.922660 
19.274818 1.299879 2.645841 1.299879 14.754611 0.671847 2.645841 0.671847 15.650259 
16.066399 1.752013 0.554127 1.752013 17.940800 1.744188 0.554127 1.744188 14.232544 
13.839775 0.495479 0.712260 0.495479 15.120240 1.814717 0.712260 1.814717 19.562212 
13.504401 -0.350843 -0.758263 -0.350843 15.481089 2.220522 -0.758263 2.220522 16.985305 
14.730488 -1.522496 1.403623 -1.522496 18.912516 -0.273364 1.403623 -0.273364 14.493380 
15.210080 0.778294 -2.268221 0.778294 15.072601 0.653106 -2.268221 0.653106 18.874479 
20.013829 -1.912956 2.237593 -1.912956 15.212747 -0.482561 2.237593 -0.482561 15.639956 
14.588300 0.302435 1.742339 0.302435 15.603255 2.590883 1.742339 2.590883 17.857373 
18.803335 -2.532087 -1.211773 -2.532087 17.546879 1.333386 -1.211773 1.333386 13.636719 
20.345658 -0.685414 -1.965904 -0.685414 13.876957 0.093790 -1.965904 0.093790 15.515093 
17.728271 -3.372911 0.959567 -3.372911 16.926557 -1.426862 0.959567 -1.426862 14.961866 
15.574479 -1.509213 -2.366535 -1.509213 14.965280 1.252857 -2.366535 1.252857 16.939793 
17.332394 2.178470 2.780337 2.178470 16.286815 1.829382 2.780337 1.829382 16.208050 
14.712306 1.083555 -0.965420 1.083555 15.323216 -2.892883 -0.965420 -2.892883 18.384989 
19.257023 -0.998604 -0.049964 -0.998604 14.719075 -0.419285 -0.049964 -0.419285 13.578981 
16.140896 1.001658 2.618571 1.001658 15.149876 1.712668 2.618571 1.712668 18.943763 
14.676202 0.338354 1.544317 0.338354 14.846266 -0.285910 1.544317 -0.285910 19.688365 
14.719539 1.957505 -0.998658 1.957505 18.765284 -3.076065 -0.998658 -3.076065 17.000474 
14.700872 0.200018 -2.140067 0.200018 14.033782 2.198767 -2.140067 2.198767 17.995908 
20.603363 1.237251 0.734987 1.237251 16.334407 -0.337025 0.734987 -0.337025 13.658628 
15.072981 2.702288 -1.003292 2.702288 17.413167 -2.513605 -1.003292 -2.513605 16.618994 
14.008917 0.202268 0.299759 0.202268 18.847056 3.041456 0.299759 3.041456 16.065377 
14.516232 -0.466184 -0.869736 -0.466184 15.389492 3.025411 -0.869736 3.025411 18.149044 
14.597406 -0.628480 1.792268 -0.628480 13.992102 -1.145442 1.792268 -1.145442 18.941071 
14.746282 -1.639028 -2.213616 -1.639028 16.095050 1.536114 -2.213616 1.536114 17.664513 
14.901367 -0.291935 2.376260 -0.291935 14.881768 1.854528 2.376260 1.854528 18.277877 
16.978853 2.166984 2.248617 2.166984 15.846602 2.186148 2.248617 2.186148 16.400128 
14.584293 -0.149026 -0.000544 -0.149026 15.790328 -3.132524 -0.000544 -3.132524 16.999931 
16.153715 1.922413 0.416834 1.922413 17.862240 2.689743 0.416834 2.689743 15.729986 
16.233540 3.150821 -0.446553 3.150821 17.220149 0.685886 -0.446553 0.685886 14.604437 
15.063526 2.248699 1.785489 2.248699 17.816313 3.264812 1.785489 3.264812 17.716544 
16.116254 -1.325036 2.408331 -1.325036 14.860867 -1.680445 2.408331 -1.680445 15.413844 
15.261229 -0.455025 -1.794415 -0.455025 14.035512 1.730863 -1.794415 1.730863 18.051347 
16.798511 -1.503060 2.820210 -1.503060 15.621794 -1.420430 2.820210 -1.420430 16.356068 
15.120811 0.432115 0.972498 0.432115 18.561310 2.860437 0.972498 2.860437 16.051060 
16.385828 -1.424315 -2.532945 -1.424315 15.860738 2.548895 -2.532945 2.548895 16.728190 
15.176254 -0.445317 2.264807 -0.445317 15.736403 -2.239237 2.264807 -2.239237 17.114191 
15.237839 -1.369636 1.767089 -1.369636 16.450999 -2.727279 1.767089 -2.727279 17.379266 
17.379236 -2.460986 -0.073171 -2.460986 17.733103 0.514978 -0.073171 0.514978 13.146477 
16.092424 -2.207340 1.390225 -2.207340 16.003689 -1.921739 1.390225 -1.921739 14.965785 
13.934583 0.484419 -0.091266 0.484419 18.794626 1.694600 -0.091266 1.694600 15.387714 
15.538431 0.393644 2.226957 0.393644 14.635541 1.283208 2.226957 1.283208 18.527868 
14.293265 0.445171 -1.274156 0.445171 15.090290 1.798040 -1.274156 1.798040 19.901861 
16.664842 1.756512 1.977816 1.756512 16.135803 1.884044 1.977816 1.884044 14.739941 
13.351051 -1.249765 -0.501248 -1.249765 16.955178 2.213192 -0.501248 2.213192 17.809070 
15.786814 0.793640 2.476151 0.793640 13.111181 -0.517200 2.476151 -0.517200 18.838032 
19.760649 1.534065 1.178976 1.534065 14.159212 -0.606207 1.178976 -0.606207 14.804336 
14.671424 -0.606528 -1.044436 -0.606528 18.753634 3.076961 -1.044436 3.076961 16.677621 
15.674094 -2.319719 1.253643 -2.319719 18.506357 -0.095971 1.253643 -0.095971 13.850888 
18.065413 2.171974 -1.217631 2.171974 15.519165 -0.686839 -1.217631 -0.686839 14.499319 
15.001297 0.297983 0.775150 0.297983 15.811714 -2.130159 0.775150 -2.130159 18.077485 
14.759519 1.505202 1.411606 1.505202 18.330862 2.466311 1.411606 2.466311 15.261965 
17.873335 2.796583 1.701320 2.796583 15.702893 0.666291 1.701320 0.666291 14.760487 
14.694982 -2.264032 0.539992 -2.264032 18.956727 0.664505 0.539992 0.664505 13.757838 
14.248392 -0.411816 -0.390044 -0.411816 18.912067 2.994978 -0.390044 2.994978 16.868098 
18.393865 -2.446678 2.010931 -2.446678 15.129294 -0.588106 2.010931 -0.588106 15.124543 
14.547048 0.173478 0.125716 0.173478 18.786101 2.384714 0.125716 2.384714 15.028801 
18.350835 2.013554 -1.329387 2.013554 15.931281 -0.936533 -1.329387 -0.936533 14.277201 
15.299295 1.449679 -1.234835 1.449679 18.974641 -2.445485 -1.234835 -2.445485 15.157240 
19.311636 -0.905460 -1.397657 -0.905460 14.231496 0.297015 -1.397657 0.297015 14.450843 
17.124525 -2.858358 1.744335 -2.858358 16.227630 -0.888219 1.744335 -0.888219 14.307198 
15.173621 -1.379464 2.617962 -1.379464 15.932011 -2.155686 2.617962 -2.155686 17.658086 
15.177789 -1.857627 0.343856 -1.857627 20.979591 -0.949681 0.343856 -0.949681 13.817756 
14.815439 1.387430 -0.434917 1.387430 19.193614 -2.060187 -0.434917 -2.060187 15.242982 
16.033928 -1.108732 2.810613 -1.108732 14.904280 -1.404549 2.810613 -1.404549 17.779384 
15.416371 -1.162037 -0.276701 -1.162037 19.998967 -1.091719 -0.276701 -1.091719 13.824273 
17.088143 -2.975394 -0.547624 -2.975394 18.062212 0.750747 -0.547624 0.750747 14.747349 
15.760237 -2.586577 -0.140945 -2.586577 18.303338 -0.832321 -0.140945 -0.832321 13.996541 
18.397441 -1.212644 1.726552 -1.212644 13.250612 -0.700731 1.726552 -0.700731 14.807070 
20.504482 0.622756 1.846930 0.622756 14.546582 0.633402 1.846930 0.633402 14.601801 
15.226216 0.338972 0.232478 0.338972 20.300282 2.455984 0.232478 2.455984 14.507107 
17.954268 2.150101 2.508461 2.150101 15.765530 1.367683 2.508461 1.367683 15.645504 
18.172471 2.697861 1.092707 2.697861 15.435715 0.758518 1.092707 0.758518 14.644830 
19.272942 -1.699021 -0.311088 -1.699021 16.554818 -0.498310 -0.311088 -0.498310 13.260574 
14.998080 -0.734180 0.391051 -0.734180 15.722512 -3.314995 0.391051 -3.314995 18.142530 
16.441824 0.603123 -2.876676 0.603123 14.441718 -0.275781 -2.876676 -0.275781 18.070876 
17.763839 -3.440068 -0.264721 -3.440068 17.360360 0.696244 -0.264721 0.696244 14.035116 
14.333831 -0.359474 -0.825411 -0.359474 13.942433 -0.711948 -0.825411 -0.711948 20.167196 
17.384378 -3.083426 0.051878 -3.083426 15.099785 -0.156597 0.051878 -0.156597 14.782576 
16.678632 -0.804909 -2.310921 -0.804909 13.568539 0.916409 -2.310921 0.916409 16.766762 
13.962445 0.464205 -0.487677 0.464205 14.784986 -0.330084 -0.487677 -0.330084 20.965683 
14.382328 0.604627 1.121980 0.604627 17.004713 3.201703 1.121980 3.201703 16.878410 
17.255013 -1.703730 3.481657 -1.703730 15.214917 -0.613173 3.481657 -0.613173 16.421958 
14.680159 -1.250453 0.070455 -1.250453 21.188025 -0.994113 0.070455 -0.994113 14.584794 
14.292329 -1.087999 -1.932333 -1.087999 14.559697 -0.029443 -1.932333 -0.029443 19.079965 
16.679961 2.576815 0.070073 2.576815 17.703224 -0.694485 0.070073 -0.694485 13.563914 
16.038337 2.736451 -0.394441 2.736451 19.057555 -0.360966 -0.394441 -0.360966 14.097659 
15.489610 0.598675 -0.784888 0.598675 13.556662 -1.571644 -0.784888 -1.571644 20.055696 
13.796382 -0.417475 -0.001860 -0.417475 17.336094 2.757066 -0.001860 2.757066 15.517061 
17.207054 -2.848785 -0.880379 -2.848785 16.555147 1.677180 -0.880379 1.677180 14.788780 
12.840656 1.297903 -0.714244 1.297903 16.748205 -2.567564 -0.714244 -2.567564 16.922932 
16.041313 -0.052203 3.647394 -0.052203 14.036685 -0.364340 3.647394 -0.364340 17.161106 
14.814375 -0.831580 0.918181 -0.831580 13.195038 -0.685290 0.918181 -0.685290 18.932705 
19.970009 -1.815134 1.921957 -1.815134 14.308556 -1.763804 1.921957 -1.763804 15.937483 
18.822925 -0.603086 2.243873 -0.603086 13.997029 -0.231402 2.243873 -0.231402 14.159646 
13.880975 -1.268243 0.076566 -1.268243 19.572459 0.648598 0.076566 0.648598 14.031353 
14.565484 0.681539 0.318809 0.681539 19.217989 2.332062 0.318809 2.332062 15.137158 
14.815061 1.001831 0.675207 1.001831 16.596796 2.786519 0.675207 2.786519 16.090689 
17.725303 -1.912228 2.790235 -1.912228 15.468372 -1.208346 2.790235 -1.208346 15.497270 
18.246133 -3.413601 -0.745262 -3.413601 16.056480 -0.147350 -0.745262 -0.147350 14.787922 
20.381785 -0.573412 1.341403 -0.573412 15.044854 -1.020787 1.341403 -1.020787 14.047397 
16.862524 -3.183588 -0.288678 -3.183588 17.909625 0.052672 -0.288678 0.052672 14.469464 
20.096305 -2.073333 0.591543 -2.073333 14.051717 -1.065516 0.591543 -1.065516 15.181656 
15.052898 -0.086743 1.753177 -0.086743 13.705269 -1.462593 1.753177 -1.462593 20.328030 
16.513277 3.264471 0.059174 3.264471 17.903219 0.293661 0.059174 0.293661 13.546944 
13.123194 1.448920 0.905996 1.448920 18.094407 1.734782 0.905996 1.734782 16.599048 
15.009636 1.050933 -1.371397 1.050933 14.049344 -0.664614 -1.371397 -0.664614 20.328932 
18.786782 0.046964 2.672662 0.046964 14.218556 0.360854 2.672662 0.360854 15.204857 
19.708854 0.047119 -0.042657 0.047119 14.889993 -0.297442 -0.042657 -0.297442 14.247183 
14.013065 -0.902770 -0.720268 -0.902770 19.810109 -0.433346 -0.720268 -0.433346 13.832852 
14.762771 -1.644109 -0.710067 -1.644109 18.725316 1.717088 -0.710067 1.717088 14.391877 
18.657214 0.515584 -2.103917 0.515584 14.718848 -1.302568 -2.103917 -1.302568 14.567287 
17.286014 2.128744 -1.197313 2.128744 15.632171 -0.956456 -1.197313 -0.956456 14.467850 
16.675008 -0.933823 3.247396 -0.933823 15.654163 -2.950074 3.247396 -2.950074 17.741451 
14.039610 -0.657506 -0.261320 -0.657506 14.827230 -2.114559 -0.261320 -2.114559 19.505328 
17.008067 3.078198 -1.353413 3.078198 17.566926 0.134818 -1.353413 0.134818 13.704110 
16.904057 -1.950535 1.248522 -1.950535 15.067560 -1.107333 1.248522 -1.107333 14.216833 
20.002232 -2.124465 0.934544 -2.124465 15.161614 -0.484922 0.934544 -0.484922 13.937787 
14.188704 -0.193187 0.967460 -0.193187 14.696663 -1.290237 0.967460 -1.290237 20.479106 
14.902925 -0.157200 1.020388 -0.157200 14.651552 -1.438578 1.020388 -1.438578 19.611035 
20.685516 -2.177611 -0.490465 -2.177611 14.732513 -0.145651 -0.490465 -0.145651 14.361382 
15.181008 -1.592342 0.456032 -1.592342 19.320449 -1.835329 0.456032 -1.835329 14.148764 
14.125861 -0.092007 -0.050591 -0.092007 14.352305 -0.545224 -0.050591 -0.545224 20.150514 
14.442315 -0.370777 0.226297 -0.370777 20.426407 1.924821 0.226297 1.924821 14.969249 
14.920571 0.454640 -1.876011 0.454640 13.869841 -0.939281 -1.876011 -0.939281 19.794291 
14.109998 -0.218476 -0.543860 -0.218476 13.699200 -0.010468 -0.543860 -0.010468 19.902398 
15.621271 0.849283 2.663739 0.849283 15.138460 1.632951 2.663739 1.632951 17.607023 
16.608082 -2.837521 -1.175724 -2.837521 18.038881 0.551090 -1.175724 0.551090 13.120263 
17.773781 -2.835095 -1.246786 -2.835095 16.169366 0.551845 -1.246786 0.551845 14.266162 
13.722181 0.530254 -0.514683 0.530254 17.704460 -2.482808 -0.514683 -2.482808 15.488677 
15.820274 -0.474157 -2.727607 -0.474157 14.417014 0.921231 -2.727607 0.921231 18.762277 
13.592672 -0.455518 -0.752120 -0.455518 14.970271 1.548394 -0.752120 1.548394 18.988464 
14.946758 -0.136353 2.479690 -0.136353 13.875634 -0.987326 2.479690 -0.987326 18.351949 
13.568531 -1.218635 0.131930 -1.218635 19.486392 -1.042000 0.131930 -1.042000 14.258223 
18.341102 2.579779 -0.059192 2.579779 15.120089 0.089502 -0.059192 0.089502 14.222972 
16.674866 3.703764 0.388173 3.703764 16.965926 0.885731 0.388173 0.885731 15.735304 
15.174617 -1.098773 2.185719 -1.098773 16.331079 -1.788948 2.185719 -1.788948 15.563857 
14.234422 0.171642 0.530873 0.171642 15.532796 -2.160217 0.530873 -2.160217 19.314320 
16.802708 0.124604 2.420706 0.124604 13.817428 -0.579459 2.420706 -0.579459 19.828456 
18.293265 -2.276127 1.943120 -2.276127 14.010285 -0.867637 1.943120 -0.867637 15.572340 
18.761593 2.766752 -1.981050 2.766752 17.049243 -1.705072 -1.981050 -1.705072 15.667574 
16.901730 -2.810510 1.552627 -2.810510 17.435842 -0.426807 1.552627 -0.426807 13.860818 
13.907536 -0.034464 -0.866690 -0.034464 14.368977 -1.696886 -0.866690 -1.696886 20.240312 
13.047668 0.087060 -0.396593 0.087060 19.432294 0.276704 -0.396593 0.276704 13.818743 
14.913097 0.028945 0.008607 0.028945 13.978814 2.354067 0.008607 2.354067 18.548811 
14.754591 1.183008 -2.368286 1.183008 15.801344 -1.588453 -2.368286 -1.588453 15.534230 
14.018277 1.189411 0.290552 1.189411 18.388839 -1.295676 0.290552 -1.295676 13.650998 
14.367995 0.655384 1.461577 0.655384 14.132702 -1.131973 1.461577 -1.131973 18.823544 
16.096034 1.839077 -0.799203 1.839077 20.111254 -0.031741 -0.799203 -0.031741 13.437498 
15.376182 -1.541721 -0.982804 -1.541721 17.401771 3.012937 -0.982804 3.012937 17.456004 
13.670840 -0.120614 -1.006550 -0.120614 18.795981 -2.053776 -1.006550 -2.053776 14.822494 
15.341341 1.780307 1.167079 1.780307 17.706894 2.443145 1.167079 2.443145 15.991005 
15.869158 -2.002962 -1.485797 -2.002962 17.771545 2.579746 -1.485797 2.579746 16.057302 
17.964042 2.651182 2.097867 2.651182 16.835056 1.087803 2.097867 1.087803 14.461002 
16.741769 0.937374 2.968202 0.937374 14.901423 1.510347 2.968202 1.510347 17.046832 
14.341417 0.229807 -0.547449 0.229807 13.737439 1.122853 -0.547449 1.122853 19.324499 
14.334781 -0.254360 0.415075 -0.254360 14.362464 -1.697973 0.415075 -1.697973 19.853381 
13.819347 0.119833 -1.438519 0.119833 14.686885 -0.947960 -1.438519 -0.947960 19.755350 
21.678606 0.265497 -0.486895 0.265497 13.460451 0.491882 -0.486895 0.491882 16.081533 
14.705025 1.632370 0.386072 1.632370 18.877894 1.016042 0.386072 1.016042 14.501507 
14.156597 -0.134961 -2.089193 -0.134961 15.335343 -0.742673 -2.089193 -0.742673 18.581126 
14.734807 1.098944 -1.212838 1.098944 17.386674 -3.040174 -1.212838 -3.040174 17.465530 
18.371899 0.104484 -2.343861 0.104484 14.328401 -1.276752 -2.343861 -1.276752 14.858455 
18.162492 2.372108 -0.068522 2.372108 16.138180 0.496088 -0.068522 0.496088 13.466604 
13.626637 -0.303988 -0.475710 -0.303988 20.073329 0.712252 -0.475710 0.712252 14.725216 
17.032865 3.202263 0.181988 3.202263 16.965333 1.196096 0.181988 1.196096 14.642779 
15.655670 -1.965201 0.677718 -1.965201 16.891254 -2.881842 0.677718 -2.881842 15.152443 
16.856127 -3.020679 0.330413 -3.020679 17.120772 -1.066945 0.330413 -1.066945 14.331779 
16.691832 -2.669893 -1.852466 -2.669893 15.852709 0.423647 -1.852466 0.423647 14.276749 
21.483983 -1.094569 1.535594 -1.094569 16.064134 -0.198306 1.535594 -0.198306 14.168535 
14.661131 0.726854 1.159337 0.726854 14.218662 1.047058 1.159337 1.047058 18.713672 
16.023051 -2.040004 -0.449725 -2.040004 18.984175 -0.363063 -0.449725 -0.363063 13.744636 
20.086624 1.977450 0.300331 1.977450 13.696327 0.720839 0.300331 0.720839 14.338488 
16.456107 -2.311929 2.618031 -2.311929 16.340853 -1.911862 2.618031 -1.911862 15.563357 
14.415851 -0.078817 0.623198 -0.078817 19.125157 1.043413 0.623198 1.043413 14.431077 
20.136852 2.475130 -0.166774 2.475130 15.757439 -0.879489 -0.166774 -0.879489 14.933791 
14.791113 0.062328 -1.899787 0.062328 15.468025 -1.111763 -1.899787 -1.111763 20.909113 
14.230459 -0.869236 0.830736 -0.869236 18.302345 0.010922 0.830736 0.010922 14.127451 
15.937993 2.625644 -1.285740 2.625644 15.268008 -0.926655 -1.285740 -0.926655 16.484641 
