18.067423 -0.000000 1.010054 -0.000000 18.513927 0.000000 1.010054 0.000000 21.369252 
18.536588 -0.000000 0.428230 -0.000000 17.410306 0.000000 0.428230 0.000000 22.775594 
17.921188 0.630746 0.036577 0.630746 17.115017 -0.071877 0.036577 -0.071877 23.284208 
18.030986 0.644137 0.250147 0.644137 17.239323 0.038165 0.250147 0.038165 22.097954 
17.819870 0.317020 0.103960 0.317020 18.280263 -0.108353 0.103960 -0.108353 20.751752 
18.064766 0.005848 0.013557 0.005848 17.280206 -0.060112 0.013557 -0.060112 22.627115 
17.671586 0.356225 0.614013 0.356225 17.525475 -0.020606 0.614013 -0.020606 22.476475 
19.226948 0.343810 -0.000000 0.343810 18.829956 -0.000000 -0.000000 -0.000000 21.016184 
17.641390 -0.000000 -0.000000 -0.000000 16.331611 0.000000 -0.000000 0.000000 21.269496 
17.422506 0.281166 1.137744 0.281166 17.097726 0.656759 1.137744 0.656759 26.168111 
18.519742 0.229344 0.564239 0.229344 18.254839 0.325717 0.564239 0.325717 23.430868 
18.989861 -0.000000 -0.000000 -0.000000 17.453799 0.000000 -0.000000 0.000000 21.411765 
18.184216 0.355501 0.498584 0.355501 18.048128 -0.014306 0.498584 -0.014306 22.540446 
18.379825 0.000000 1.076828 0.000000 17.194718 -0.000000 1.076828 -0.000000 24.853381 
18.265235 0.099484 0.809696 0.099484 17.967694 0.478034 0.809696 0.478034 22.142848 
17.468402 -0.091902 -0.433284 -0.091902 16.067268 -0.028367 -0.433284 -0.028367 21.310183 
18.089789 -0.176927 0.545056 -0.176927 18.275665 -0.206796 0.545056 -0.206796 20.875446 
17.371428 0.027458 -0.093555 0.027458 17.659413 0.251494 -0.093555 0.251494 20.663741 
18.012037 0.176971 0.325280 0.176971 16.754245 -0.170057 0.325280 -0.170057 21.972265 
17.343286 -0.051111 -0.546208 -0.051111 17.776915 0.457328 -0.546208 0.457328 22.635261 
17.968309 0.127178 0.315530 0.127178 18.396376 -0.434227 0.315530 -0.434227 21.394699 
17.527753 0.634091 0.760999 0.634091 17.530558 0.525265 0.760999 0.525265 23.129016 
16.562775 -0.168720 0.953154 -0.168720 16.919238 -0.088245 0.953154 -0.088245 22.043094 
17.099967 0.115876 -0.694612 0.115876 16.474647 -0.702132 -0.694612 -0.702132 22.311048 
17.319313 0.119182 0.717160 0.119182 17.405416 -0.782801 0.717160 -0.782801 24.514326 
17.000539 -0.062631 0.286171 -0.062631 17.915205 -0.080142 0.286171 -0.080142 19.847809 
16.753593 -0.372393 0.323375 -0.372393 17.445647 -0.780201 0.323375 -0.780201 22.583194 
19.547759 0.080378 0.044528 0.080378 19.114243 0.074717 0.044528 0.074717 22.382705 
16.722973 0.328399 0.340025 0.328399 17.560899 -0.128119 0.340025 -0.128119 20.299201 
18.410577 0.691008 0.481513 0.691008 18.047506 -0.835033 0.481513 -0.835033 23.839543 
18.330871 -0.042800 0.399606 -0.042800 17.412183 -0.314075 0.399606 -0.314075 20.473340 
17.497250 -0.226001 0.319162 -0.226001 17.837358 0.135296 0.319162 0.135296 19.826471 
17.679214 0.232229 0.544750 0.232229 17.843588 0.262923 0.544750 0.262923 20.098922 
17.843087 -0.190210 0.222129 -0.190210 17.767786 0.254911 0.222129 0.254911 20.055548 
17.897377 -0.320088 0.331649 -0.320088 17.582265 -0.151004 0.331649 -0.151004 21.911891 
17.871024 0.187291 0.507662 0.187291 16.982200 0.205238 0.507662 0.205238 22.667963 
16.854294 0.457733 0.032360 0.457733 16.805989 -0.070977 0.032360 -0.070977 20.548525 
17.714006 -0.470470 -0.143571 -0.470470 17.973090 0.132065 -0.143571 0.132065 21.806665 
17.301211 0.078590 0.107263 0.078590 18.325833 -0.017842 0.107263 -0.017842 20.816772 
18.142811 -0.517049 0.004358 -0.517049 18.368025 0.916276 0.004358 0.916276 22.197437 
18.246522 -0.107432 0.087669 -0.107432 18.063014 0.491697 0.087669 0.491697 19.960244 
17.875752 -0.035373 0.574552 -0.035373 19.076759 -0.476501 0.574552 -0.476501 22.451917 
16.976243 -0.438978 0.067156 -0.438978 17.442679 -0.005743 0.067156 -0.005743 20.910122 
17.686174 -0.099349 -0.044216 -0.099349 16.928301 0.505572 -0.044216 0.505572 22.980992 
17.753665 0.277020 -0.036538 0.277020 18.562994 0.128480 -0.036538 0.128480 22.282674 
16.970901 -0.257339 0.223584 -0.257339 17.968291 0.114816 0.223584 0.114816 20.456210 
16.604567 -0.100619 1.111193 -0.100619 17.153047 -0.770336 1.111193 -0.770336 22.401278 
18.179595 -0.042724 -0.030429 -0.042724 18.316754 0.547793 -0.030429 0.547793 21.937680 
16.988295 0.598001 0.410410 0.598001 17.419266 -0.025303 0.410410 -0.025303 21.414603 
17.183443 0.250525 0.031753 0.250525 17.195227 0.742643 0.031753 0.742643 23.312125 
18.048852 -0.055131 1.246654 -0.055131 17.301496 0.140937 1.246654 0.140937 22.668911 
18.594700 0.263119 -0.066775 0.263119 17.926511 0.384784 -0.066775 0.384784 21.131668 
17.359100 -0.648908 0.715623 -0.648908 16.773270 0.105948 0.715623 0.105948 21.586094 
18.035830 0.013407 0.523186 0.013407 17.751173 0.299667 0.523186 0.299667 20.771950 
17.449590 -0.105303 1.316549 -0.105303 16.190243 0.325955 1.316549 0.325955 23.171755 
18.182156 -0.202572 0.194809 -0.202572 18.012011 0.317736 0.194809 0.317736 20.570973 
17.452621 0.262139 -0.151066 0.262139 16.459053 0.057493 -0.151066 0.057493 20.846517 
17.553244 -0.383093 0.970257 -0.383093 17.436363 0.136957 0.970257 0.136957 22.486527 
17.583514 -0.491104 0.821232 -0.491104 17.371955 0.180014 0.821232 0.180014 21.217094 
16.953440 -0.491001 0.053313 -0.491001 16.872159 -0.064608 0.053313 -0.064608 21.390872 
18.723957 -0.513940 0.687809 -0.513940 19.411923 0.345881 0.687809 0.345881 22.787217 
18.018083 -0.031071 0.364983 -0.031071 18.854455 0.127267 0.364983 0.127267 20.729036 
17.736952 -0.108334 0.556442 -0.108334 18.577034 -0.079358 0.556442 -0.079358 20.709839 
16.924480 0.036083 -0.091764 0.036083 16.440424 0.007117 -0.091764 0.007117 20.396241 
17.208169 -0.069204 -0.363449 -0.069204 17.665160 0.614960 -0.363449 0.614960 21.034604 
18.273580 0.100914 0.670818 0.100914 17.922760 -0.505033 0.670818 -0.505033 20.810587 
17.125195 -0.195803 0.450008 -0.195803 17.690734 -0.288499 0.450008 -0.288499 21.753603 
16.524694 -0.019231 0.647826 -0.019231 17.490136 -0.709028 0.647826 -0.709028 21.562061 
18.019698 -0.588624 0.184244 -0.588624 17.551059 0.105083 0.184244 0.105083 21.420792 
18.446638 -0.069798 -0.069290 -0.069798 17.105038 0.175425 -0.069290 0.175425 22.800748 
18.188008 -0.031185 -0.035104 -0.031185 18.427263 -0.089001 -0.035104 -0.089001 20.269868 
17.631359 -0.047211 0.008308 -0.047211 16.681362 0.023064 0.008308 0.023064 21.134390 
18.055109 -0.289219 0.686655 -0.289219 18.855330 0.167866 0.686655 0.167866 20.308566 
17.000096 0.119431 0.582592 0.119431 17.551406 0.099954 0.582592 0.099954 20.805062 
17.116371 0.220878 0.805878 0.220878 16.292842 0.037057 0.805878 0.037057 21.617277 
18.121357 -0.073129 0.244779 -0.073129 18.055726 0.390663 0.244779 0.390663 23.902254 
18.816554 0.474321 0.446675 0.474321 17.768828 0.163014 0.446675 0.163014 22.683699 
18.457451 0.524043 0.012627 0.524043 17.392531 -0.177807 0.012627 -0.177807 21.920032 
18.301643 -0.308412 -0.037850 -0.308412 16.991029 0.031582 -0.037850 0.031582 21.373648 
18.027086 0.168487 0.564639 0.168487 18.547170 -0.203744 0.564639 -0.203744 19.503373 
18.286152 0.181226 0.425396 0.181226 18.852799 -0.160982 0.425396 -0.160982 19.354064 
16.727031 0.024475 -0.383346 0.024475 16.785878 -0.682237 -0.383346 -0.682237 21.881319 
17.458730 -0.063495 -0.274436 -0.063495 17.342559 -0.603638 -0.274436 -0.603638 22.091387 
18.657338 0.001374 -0.351988 0.001374 17.928487 -0.343820 -0.351988 -0.343820 21.652637 
17.438358 0.362427 0.011229 0.362427 17.739374 0.425427 0.011229 0.425427 20.094908 
17.882944 0.104317 0.161876 0.104317 17.944401 0.094131 0.161876 0.094131 19.891422 
18.661602 0.120884 0.087747 0.120884 18.660902 0.038775 0.087747 0.038775 20.435857 
17.200551 0.650926 0.213835 0.650926 16.961075 0.178872 0.213835 0.178872 21.943186 
17.570156 0.165152 0.094341 0.165152 17.438796 0.631422 0.094341 0.631422 21.576408 
18.130592 -0.055925 -0.243984 -0.055925 18.966952 0.122591 -0.243984 0.122591 21.317531 
16.614825 -0.130230 -0.083908 -0.130230 16.408478 -0.700294 -0.083908 -0.700294 21.361301 
17.575053 0.112927 1.510731 0.112927 17.852044 0.444121 1.510731 0.444121 21.849679 
18.861730 1.058963 -0.122875 1.058963 18.727230 -0.267953 -0.122875 -0.267953 17.528245 
20.684596 -0.575927 1.125681 -0.575927 17.831101 -0.322223 1.125681 -0.322223 17.939899 
19.127383 -0.263472 0.421194 -0.263472 18.217215 0.081503 0.421194 0.081503 19.962352 
19.258056 0.555843 0.375898 0.555843 19.538904 0.153965 0.375898 0.153965 18.584686 
16.905381 -0.090881 0.145892 -0.090881 17.365613 0.065890 0.145892 0.065890 17.474621 
16.876898 0.130736 0.085511 0.130736 17.005858 0.066706 0.085511 0.066706 17.220283 
18.723592 0.667846 0.096561 0.667846 18.517222 -0.940890 0.096561 -0.940890 18.463533 
18.865092 -0.577148 0.080271 -0.577148 19.023360 0.080346 0.080271 0.080346 18.849111 
20.456758 -0.091918 -0.700002 -0.091918 19.872138 -0.830177 -0.700002 -0.830177 21.002800 
20.524218 0.139753 -0.206391 0.139753 18.284656 -0.350080 -0.206391 -0.350080 19.575713 
17.907382 -0.224392 -0.521219 -0.224392 19.979805 1.264922 -0.521219 1.264922 23.516006 
17.991426 -0.075756 0.353589 -0.075756 18.082712 -0.535190 0.353589 -0.535190 18.749248 
18.555186 -0.447474 0.340421 -0.447474 22.041554 1.046092 0.340421 1.046092 18.827381 
23.581015 -1.291788 0.499753 -1.291788 23.828890 -0.282394 0.499753 -0.282394 20.128344 
21.235402 -0.994762 -0.193480 -0.994762 20.110002 -0.100854 -0.193480 -0.100854 18.891399 
17.762270 -0.185036 -0.506234 -0.185036 19.476943 -0.190254 -0.506234 -0.190254 18.282593 
24.130733 0.548331 0.287736 0.548331 18.025908 0.045515 0.287736 0.045515 20.441875 
18.540047 0.106490 1.552021 0.106490 17.734732 0.276689 1.552021 0.276689 19.897830 
18.617511 0.345661 -0.908293 0.345661 19.879751 -1.161738 -0.908293 -1.161738 18.436033 
20.192061 -0.967267 0.342541 -0.967267 19.958205 0.188363 0.342541 0.188363 23.683097 
23.491056 -1.224225 0.533151 -1.224225 20.370336 0.235239 0.533151 0.235239 19.934033 
26.141699 -2.087393 0.635863 -2.087393 24.067828 -0.517446 0.635863 -0.517446 21.386397 
21.213296 -0.233576 -0.239283 -0.233576 21.082242 0.497204 -0.239283 0.497204 19.607067 
19.800485 0.030037 -0.133219 0.030037 19.320256 -0.343538 -0.133219 -0.343538 18.995223 
18.149669 -0.164227 0.205403 -0.164227 17.788214 0.429911 0.205403 0.429911 20.791812 
19.092761 1.238570 -0.309606 1.238570 20.154215 -0.397753 -0.309606 -0.397753 17.925452 
18.085314 -0.194508 0.486399 -0.194508 19.758147 0.215563 0.486399 0.215563 18.786495 
18.340947 0.039956 0.167453 0.039956 19.488901 -0.549420 0.167453 -0.549420 18.594483 
20.741278 -1.876722 -0.418198 -1.876722 25.300929 -0.396796 -0.418198 -0.396796 21.206040 
18.944668 0.703429 -0.209623 0.703429 22.465625 -1.783363 -0.209623 -1.783363 18.906947 
21.036095 -0.018658 -0.991500 -0.018658 19.623566 -1.477829 -0.991500 -1.477829 20.772946 
22.514984 -1.020109 0.129192 -1.020109 23.964172 1.056675 0.129192 1.056675 19.844765 
17.870610 0.195845 0.112530 0.195845 17.388100 0.122864 0.112530 0.122864 17.947255 
23.198642 -1.387293 1.699757 -1.387293 18.733275 -1.230949 1.699757 -1.230949 19.716224 
17.765434 -0.559229 0.526628 -0.559229 18.030143 -0.575157 0.526628 -0.575157 18.683068 
22.952889 -0.922400 -2.301306 -0.922400 20.900725 0.412630 -2.301306 0.412630 20.428107 
21.758238 0.406275 1.315099 0.406275 17.262778 -0.189935 1.315099 -0.189935 19.901208 
24.242388 -3.092492 1.136306 -3.092492 24.007434 -0.369056 1.136306 -0.369056 20.268182 
18.584643 -0.476146 0.268092 -0.476146 18.782515 -0.218472 0.268092 -0.218472 18.342535 
24.335915 -2.143284 -0.071077 -2.143284 25.702190 0.996560 -0.071077 0.996560 19.808835 
20.871427 -0.521005 -0.663319 -0.521005 20.525475 -0.107137 -0.663319 -0.107137 21.074138 
22.934890 0.593609 -0.830412 0.593609 24.063815 -0.643741 -0.830412 -0.643741 20.997380 
21.006968 0.422263 -1.660542 0.422263 17.733395 -0.268909 -1.660542 -0.268909 18.305788 
16.931970 0.215625 0.262304 0.215625 18.180367 0.217470 0.262304 0.217470 18.200407 
17.934758 -0.187046 0.190772 -0.187046 20.266017 -0.367881 0.190772 -0.367881 18.394204 
19.221120 -0.937346 -0.158782 -0.937346 19.482045 0.096858 -0.158782 0.096858 18.662247 
21.344006 0.919279 -0.432391 0.919279 22.597945 -0.835400 -0.432391 -0.835400 20.734268 
17.810572 0.259026 -0.835330 0.259026 17.661079 -0.910221 -0.835330 -0.910221 18.768485 
18.129077 0.213917 -0.488785 0.213917 18.175907 -0.052794 -0.488785 -0.052794 17.640596 
19.563740 1.000508 -1.133821 1.000508 21.569035 -1.532433 -1.133821 -1.532433 19.704522 
20.221637 1.424278 -2.521987 1.424278 20.836232 -2.428624 -2.521987 -2.428624 22.080120 
23.041233 -0.141691 0.165759 -0.141691 20.864091 0.087923 0.165759 0.087923 18.790666 
20.755787 -0.063261 0.587688 -0.063261 19.628885 0.352635 0.587688 0.352635 18.287317 
20.941730 -0.089413 -0.463475 -0.089413 19.581723 -0.723164 -0.463475 -0.723164 20.751917 
22.299359 -1.764889 -0.307601 -1.764889 20.182342 0.586355 -0.307601 0.586355 19.636840 
27.440601 -0.905143 0.161904 -0.905143 20.805126 0.631365 0.161904 0.631365 19.402581 
25.098642 -0.023348 0.212419 -0.023348 20.629674 0.094240 0.212419 0.094240 20.978017 
20.674544 -1.245608 -0.516173 -1.245608 20.072005 0.546214 -0.516173 0.546214 19.503970 
21.041385 -1.739924 1.580849 -1.739924 25.883784 -3.875857 1.580849 -3.875857 21.741687 
21.691059 0.090672 0.209436 0.090672 20.292377 -0.961825 0.209436 -0.961825 20.734867 
19.146401 1.068749 0.060078 1.068749 23.242884 -1.153051 0.060078 -1.153051 18.320581 
19.020202 -1.180556 -1.387647 -1.180556 18.312922 2.057572 -1.387647 2.057572 18.406893 
22.427248 1.904645 -0.622158 1.904645 21.797907 -0.256214 -0.622158 -0.256214 18.329492 
21.522820 -0.891312 -0.823590 -0.891312 18.913165 0.747791 -0.823590 0.747791 19.268511 
18.739779 -1.349106 -0.011156 -1.349106 22.563279 1.156829 -0.011156 1.156829 21.330988 
21.040661 0.020391 0.382349 0.020391 22.087803 -0.246963 0.382349 -0.246963 20.939358 
20.932978 -0.767015 -0.292647 -0.767015 20.934964 0.083583 -0.292647 0.083583 21.626174 
18.673987 0.927745 -0.243214 0.927745 20.996730 1.450600 -0.243214 1.450600 20.318789 
21.665359 0.214679 -0.287255 0.214679 20.115970 -2.124463 -0.287255 -2.124463 23.081930 
25.316087 0.610333 0.329892 0.610333 21.459114 -1.159295 0.329892 -1.159295 24.940190 
24.247396 1.121413 -0.377690 1.121413 22.791540 -1.026036 -0.377690 -1.026036 20.963240 
21.760222 -0.036914 -0.105680 -0.036914 20.576726 0.594776 -0.105680 0.594776 19.662878 
19.215964 -2.139054 0.025052 -2.139054 22.965805 -0.177276 0.025052 -0.177276 18.080735 
18.384433 0.353785 0.328565 0.353785 19.451692 1.140974 0.328565 1.140974 19.188442 
18.733695 0.586256 0.526317 0.586256 20.911544 1.064676 0.526317 1.064676 20.585884 
19.720446 -1.187625 -1.629377 -1.187625 18.687303 1.102272 -1.629377 1.102272 19.179638 
18.350556 0.133747 -0.955525 0.133747 17.394597 0.081372 -0.955525 0.081372 19.073946 
22.922559 -2.155701 -0.059735 -2.155701 23.338681 0.571982 -0.059735 0.571982 20.735439 
20.798333 -1.092836 -0.668777 -1.092836 23.350414 0.001179 -0.668777 0.001179 19.970245 
20.445185 -0.581062 -1.411048 -0.581062 23.905627 0.228395 -1.411048 0.228395 20.551311 
19.795083 0.798675 0.829801 0.798675 20.809747 0.719384 0.829801 0.719384 19.565701 
21.258496 -0.997546 -0.467954 -0.997546 17.905666 0.301770 -0.467954 0.301770 18.581014 
21.322357 -0.327063 0.689179 -0.327063 19.575171 -0.567201 0.689179 -0.567201 19.883964 
26.406004 -2.717214 -1.611427 -2.717214 21.441151 0.724676 -1.611427 0.724676 21.359529 
18.826956 0.151282 -1.469455 0.151282 18.785143 1.222185 -1.469455 1.222185 20.101338 
22.495561 0.107310 -0.626481 0.107310 19.189391 -0.126960 -0.626481 -0.126960 18.902625 
17.735810 -0.120097 -0.080864 -0.120097 18.321391 0.162945 -0.080864 0.162945 17.989355 
22.789601 0.666075 -0.574779 0.666075 21.516737 -0.593680 -0.574779 -0.593680 19.450354 
18.095918 -0.545102 -0.057386 -0.545102 23.091372 -0.293039 -0.057386 -0.293039 18.842127 
20.091495 -0.737488 -0.309982 -0.737488 20.958148 -0.174478 -0.309982 -0.174478 21.031945 
21.094130 -0.233068 -0.520049 -0.233068 19.848444 0.531291 -0.520049 0.531291 19.759446 
22.669561 -0.906778 -0.006868 -0.906778 19.695146 0.259270 -0.006868 0.259270 19.059220 
21.429767 -1.406348 0.482112 -1.406348 22.882957 -0.752532 0.482112 -0.752532 18.549975 
18.440038 -0.479768 -0.059346 -0.479768 18.754089 -0.279952 -0.059346 -0.279952 18.551601 
24.497612 -0.042978 -0.749850 -0.042978 19.578819 -0.738558 -0.749850 -0.738558 20.344570 
18.752619 0.963712 -0.792154 0.963712 18.343514 -0.392819 -0.792154 -0.392819 18.624719 
28.009789 -0.340146 1.138754 -0.340146 23.827036 1.115444 1.138754 1.115444 20.437285 
22.448891 0.527959 0.455339 0.527959 20.476107 0.647548 0.455339 0.647548 19.215748 
21.420997 -1.455158 1.250643 -1.455158 20.417375 -0.889351 1.250643 -0.889351 20.217219 
17.770944 -0.213009 0.151928 -0.213009 17.492453 0.666914 0.151928 0.666914 19.053872 
21.803310 -1.282361 -0.538274 -1.282361 24.040904 -0.650739 -0.538274 -0.650739 21.572130 
21.923493 -0.689227 1.286879 -0.689227 21.913136 0.883748 1.286879 0.883748 19.999397 
20.780357 -0.280991 1.307575 -0.280991 22.451813 -0.252314 1.307575 -0.252314 25.356537 
24.645189 -3.234328 -0.535076 -3.234328 21.409180 0.982797 -0.535076 0.982797 21.007394 
20.573304 0.663218 -1.137411 0.663218 18.847902 -0.906274 -1.137411 -0.906274 19.195418 
21.885034 1.747057 0.958240 1.747057 20.059277 0.291553 0.958240 0.291553 18.214208 
23.826721 -1.338410 -0.687829 -1.338410 25.994371 -0.625372 -0.687829 -0.625372 22.107188 
21.179804 -0.289804 1.186942 -0.289804 22.300854 0.870154 1.186942 0.870154 20.083355 
22.245611 2.092600 -0.783834 2.092600 22.163869 -0.680629 -0.783834 -0.680629 18.997079 
19.686670 -1.317925 -0.208340 -1.317925 20.146880 -0.294820 -0.208340 -0.294820 19.762420 
20.639873 0.378633 0.196410 0.378633 18.859083 0.307871 0.196410 0.307871 19.347835 
19.240299 0.141604 0.041240 0.141604 19.391155 0.021667 0.041240 0.021667 17.968546 
21.938309 -1.388238 0.303826 -1.388238 22.440784 -0.981154 0.303826 -0.981154 22.137159 
19.508777 1.633502 -0.556429 1.633502 19.211655 -0.838771 -0.556429 -0.838771 17.528336 
19.535991 -0.261906 -0.009514 -0.261906 20.613624 0.011619 -0.009514 0.011619 19.108503 
23.644825 1.373465 1.402864 1.373465 18.824347 0.592005 1.402864 0.592005 19.778263 
22.013412 -0.023758 -0.693594 -0.023758 23.341381 -1.159269 -0.693594 -1.159269 20.458993 
17.690301 0.534204 -0.246398 0.534204 18.083332 0.141306 -0.246398 0.141306 18.982870 
23.891571 -2.070981 0.865566 -2.070981 22.036432 -0.221506 0.865566 -0.221506 19.375786 
21.673292 1.550421 -0.327949 1.550421 21.606239 0.185530 -0.327949 0.185530 19.821039 
22.644978 0.114038 -1.412637 0.114038 19.766051 0.724378 -1.412637 0.724378 18.533384 
22.903411 -3.014891 -0.125364 -3.014891 21.328449 0.013601 -0.125364 0.013601 19.778397 
21.130003 0.211843 -0.764849 0.211843 21.642437 -0.382593 -0.764849 -0.382593 20.533346 
23.909456 -2.182119 -2.858812 -2.182119 20.036226 1.232723 -2.858812 1.232723 21.390735 
18.489968 -0.558276 -0.375327 -0.558276 19.804872 1.505438 -0.375327 1.505438 19.408209 
24.342561 0.121375 0.946293 0.121375 23.235533 0.209838 0.946293 0.209838 24.144704 
23.658378 -1.393001 -3.135118 -1.393001 22.813944 0.831933 -3.135118 0.831933 26.751328 
25.256548 -1.640536 2.538799 -1.640536 21.248696 -0.584663 2.538799 -0.584663 22.106778 
19.568958 1.022138 -0.026215 1.022138 18.206833 -0.126143 -0.026215 -0.126143 17.586853 
17.808880 -0.143562 0.129221 -0.143562 17.877438 0.083821 0.129221 0.083821 17.860024 
21.287077 0.101212 -1.480938 0.101212 19.003512 -0.895690 -1.480938 -0.895690 18.842319 
21.534805 -0.293269 0.369744 -0.293269 18.744162 -0.053523 0.369744 -0.053523 18.270899 
19.608702 0.985683 -0.132354 0.985683 20.370235 -0.411576 -0.132354 -0.411576 18.632906 
21.041947 0.252371 -0.682040 0.252371 21.315464 -0.955932 -0.682040 -0.955932 19.811785 
19.671712 -2.076701 0.268229 -2.076701 19.013733 -0.181914 0.268229 -0.181914 17.294216 
20.953921 -0.751847 0.146945 -0.751847 22.417170 2.013963 0.146945 2.013963 20.784280 
20.102254 2.065699 -0.886880 2.065699 21.411363 -1.248795 -0.886880 -1.248795 19.894155 
19.430124 0.007074 -0.277483 0.007074 20.505187 0.235732 -0.277483 0.235732 19.963871 
18.951264 0.057268 0.028534 0.057268 21.275024 -4.053493 0.028534 -4.053493 22.556064 
19.809938 -1.192540 -0.605642 -1.192540 18.772594 0.403282 -0.605642 0.403282 17.265633 
20.954718 -1.251092 0.586633 -1.251092 23.144013 -1.569421 0.586633 -1.569421 20.451887 
23.393102 -1.357677 0.326778 -1.357677 21.385777 -0.209198 0.326778 -0.209198 23.695202 
18.272746 0.511644 0.596236 0.511644 20.626933 2.162707 0.596236 2.162707 21.691505 
18.864397 0.131052 0.472905 0.131052 20.167245 0.263508 0.472905 0.263508 18.283115 
19.493139 -0.269438 0.603095 -0.269438 19.715755 0.650054 0.603095 0.650054 20.152468 
19.128754 1.235080 0.339893 1.235080 18.018184 -0.316935 0.339893 -0.316935 17.475951 
17.249357 0.238525 -0.726966 0.238525 18.913989 0.588998 -0.726966 0.588998 17.560842 
20.517045 0.406696 -0.659315 0.406696 18.430031 -0.062748 -0.659315 -0.062748 20.376579 
21.136595 0.420357 0.349565 0.420357 21.770849 1.438823 0.349565 1.438823 20.899547 
17.580902 0.183878 0.027416 0.183878 19.054268 0.594013 0.027416 0.594013 18.219594 
20.481729 1.141165 -0.848277 1.141165 22.410596 -0.431902 -0.848277 -0.431902 24.403012 
19.305659 -1.225059 -0.504206 -1.225059 19.696038 -1.553108 -0.504206 -1.553108 20.086673 
26.249494 0.220950 1.406040 0.220950 19.617458 0.277256 1.406040 0.277256 19.472922 
19.237791 0.220985 0.216670 0.220985 16.621869 0.051600 0.216670 0.051600 17.571678 
19.311970 1.340482 -0.756080 1.340482 18.553001 -0.034961 -0.756080 -0.034961 17.661813 
23.565532 -0.722439 -0.760627 -0.722439 23.612260 1.152732 -0.760627 1.152732 20.359840 
21.724098 0.245831 -0.289702 0.245831 22.621695 -0.297335 -0.289702 -0.297335 19.795444 
19.029323 -0.995841 -0.755494 -0.995841 20.177313 0.141438 -0.755494 0.141438 20.759047 
23.204292 0.664171 -0.708499 0.664171 23.597756 -0.141260 -0.708499 -0.141260 24.058973 
22.612729 -1.339938 2.193586 -1.339938 21.759974 -0.758810 2.193586 -0.758810 23.286812 
23.883724 1.966177 0.274355 1.966177 26.118601 1.172332 0.274355 1.172332 21.106062 
20.521126 -0.373449 0.144021 -0.373449 19.360247 0.401639 0.144021 0.401639 19.192847 
21.737681 0.994763 0.167628 0.994763 22.755912 -0.246312 0.167628 -0.246312 18.889451 
26.637871 -1.736470 1.583233 -1.736470 22.699096 -1.267586 1.583233 -1.267586 21.748873 
20.881017 1.460652 0.399302 1.460652 23.255426 1.743482 0.399302 1.743482 20.912825 
21.947065 1.705211 0.223120 1.705211 24.517735 -0.149741 0.223120 -0.149741 20.750805 
20.220912 -0.762469 -0.090986 -0.762469 20.543227 -1.468548 -0.090986 -1.468548 19.770694 
20.035732 -0.551726 -0.925374 -0.551726 20.497334 1.106164 -0.925374 1.106164 21.058149 
19.955781 -0.115250 1.372164 -0.115250 17.411154 0.181420 1.372164 0.181420 18.227938 
20.442266 -0.003151 -0.043850 -0.003151 25.922775 0.027115 -0.043850 0.027115 19.968022 
20.578554 1.478202 -0.217149 1.478202 20.993366 -0.492657 -0.217149 -0.492657 18.150367 
20.643474 0.709127 0.201067 0.709127 20.120183 0.212180 0.201067 0.212180 17.884374 
23.387060 0.926118 0.891139 0.926118 21.397987 0.526670 0.891139 0.526670 20.159609 
24.828961 -2.274276 -0.682272 -2.274276 26.997790 0.071193 -0.682272 0.071193 23.450547 
19.555365 -1.510853 -0.993686 -1.510853 23.827927 1.738437 -0.993686 1.738437 20.441924 
20.201844 0.691661 0.287052 0.691661 21.075340 -0.309925 0.287052 -0.309925 20.830070 
26.620648 -1.359743 0.186201 -1.359743 23.205772 0.733294 0.186201 0.733294 20.340436 
23.558593 -1.288254 0.406798 -1.288254 20.359839 -0.947609 0.406798 -0.947609 21.031717 
20.996085 -0.425651 0.661404 -0.425651 17.167789 -0.123321 0.661404 -0.123321 18.381862 
23.928178 0.057014 -0.031507 0.057014 23.165920 -0.504924 -0.031507 -0.504924 19.543395 
20.179990 0.456141 0.470015 0.456141 23.348334 0.522414 0.470015 0.522414 19.873550 
19.004966 -0.758415 0.035240 -0.758415 19.560946 -0.048829 0.035240 -0.048829 17.808603 
18.207398 -0.291552 0.388207 -0.291552 20.076963 -2.524798 0.388207 -2.524798 20.280517 
25.923258 0.759602 -0.378254 0.759602 23.294570 -0.540562 -0.378254 -0.540562 21.351544 
24.548409 0.725314 -0.678644 0.725314 20.784862 0.362789 -0.678644 0.362789 21.822729 
19.726819 -0.277113 -1.160196 -0.277113 21.654600 -0.380581 -1.160196 -0.380581 20.628390 
19.273748 -0.803924 -0.275328 -0.803924 21.747380 0.318809 -0.275328 0.318809 18.731240 
20.636399 -0.346686 1.697508 -0.346686 18.607579 -0.137571 1.697508 -0.137571 20.643375 
19.804047 -0.470071 0.444254 -0.470071 23.022658 -1.528609 0.444254 -1.528609 19.028725 
19.854882 -0.275539 -0.421594 -0.275539 20.269422 -0.150519 -0.421594 -0.150519 18.173715 
19.613483 0.053899 -0.152825 0.053899 20.355477 0.189564 -0.152825 0.189564 18.888036 
25.288892 -1.887282 0.851651 -1.887282 21.381884 -0.755158 0.851651 -0.755158 20.226358 
23.794330 -0.595105 0.314938 -0.595105 24.929432 0.115918 0.314938 0.115918 24.638488 
19.672293 0.616828 -0.523860 0.616828 22.045265 -0.468205 -0.523860 -0.468205 19.600798 
19.244892 -1.072413 0.279300 -1.072413 21.449405 -0.425079 0.279300 -0.425079 20.488606 
21.679573 0.315707 1.162687 0.315707 20.624847 1.716621 1.162687 1.716621 21.898067 
19.176779 0.706916 0.024783 0.706916 19.207300 0.291690 0.024783 0.291690 18.973261 
24.633229 -1.515229 0.058663 -1.515229 22.720310 0.096249 0.058663 0.096249 20.293689 
23.279128 -0.133371 0.791362 -0.133371 24.667396 0.686358 0.791362 0.686358 19.617557 
22.630344 -1.226844 0.376296 -1.226844 22.143174 -1.011136 0.376296 -1.011136 22.568987 
19.803558 0.669993 0.135165 0.669993 19.987234 0.161845 0.135165 0.161845 18.212485 
19.664552 0.175106 0.331995 0.175106 20.546391 -0.098553 0.331995 -0.098553 20.056387 
21.459709 0.603318 -0.220953 0.603318 21.671889 0.604212 -0.220953 0.604212 19.304256 
21.289307 -0.248809 0.527941 -0.248809 20.078097 -0.477499 0.527941 -0.477499 20.159361 
22.375201 -1.010934 0.814765 -1.010934 20.964309 1.115642 0.814765 1.115642 22.052822 
23.988038 0.307894 0.159090 0.307894 23.501777 -0.311493 0.159090 -0.311493 20.065762 
18.698178 -0.392628 0.516755 -0.392628 19.381598 -1.015824 0.516755 -1.015824 19.982496 
21.706915 -0.103185 -0.367104 -0.103185 22.936978 -1.131010 -0.367104 -1.131010 20.695494 
22.190150 0.292422 -2.509029 0.292422 20.327105 0.832821 -2.509029 0.832821 24.648385 
21.302653 0.092522 0.597182 0.092522 19.083372 -0.312574 0.597182 -0.312574 19.678705 
20.251266 0.312538 1.601803 0.312538 19.347945 0.998875 1.601803 0.998875 21.187112 
20.581513 0.051220 0.205637 0.051220 20.657402 -0.362018 0.205637 -0.362018 20.164240 
18.709265 0.424600 1.759323 0.424600 17.795693 1.833947 1.759323 1.833947 21.906176 
22.223287 0.125336 0.938324 0.125336 20.939701 -0.368803 0.938324 -0.368803 20.320478 
21.221657 -0.217350 0.456770 -0.217350 19.512209 -1.447175 0.456770 -1.447175 20.935631 
23.549468 1.932576 1.424599 1.932576 26.320480 2.362727 1.424599 2.362727 22.911718 
19.377799 -0.111289 -0.570720 -0.111289 18.475551 0.305251 -0.570720 0.305251 18.564374 
28.676524 -2.564996 1.365197 -2.564996 21.581238 0.041161 1.365197 0.041161 20.283356 
18.780517 0.144182 -0.942713 0.144182 19.940046 0.845866 -0.942713 0.845866 20.337461 
19.747898 0.153655 0.844217 0.153655 19.557603 -0.513617 0.844217 -0.513617 22.612927 
19.903461 0.364394 0.463910 0.364394 24.161264 0.251885 0.463910 0.251885 20.738186 
19.568826 -0.365690 0.353047 -0.365690 16.710895 -0.256501 0.353047 -0.256501 17.812015 
21.110827 1.079097 0.660609 1.079097 23.924082 -0.081436 0.660609 -0.081436 22.414420 
19.205455 1.426456 -0.244292 1.426456 16.475519 -0.015880 -0.244292 -0.015880 16.745324 
25.774791 0.666928 -1.552653 0.666928 22.798853 0.609052 -1.552653 0.609052 20.284347 
18.241039 -3.149882 -0.058915 -3.149882 25.562085 0.315339 -0.058915 0.315339 18.838722 
23.745815 -2.746302 -0.772369 -2.746302 24.330139 0.816826 -0.772369 0.816826 20.505200 
24.276158 -1.962719 -0.295121 -1.962719 24.188027 0.318474 -0.295121 0.318474 19.441825 
22.459678 -0.075293 0.367676 -0.075293 22.646651 0.509980 0.367676 0.509980 18.353585 
20.642885 -1.431414 0.699854 -1.431414 19.500459 0.070144 0.699854 0.070144 17.726784 
30.408096 -2.330619 -0.360618 -2.330619 22.920594 -1.361394 -0.360618 -1.361394 20.627989 
18.931773 -1.717262 0.972485 -1.717262 21.930024 -1.788557 0.972485 -1.788557 18.360851 
21.088288 2.149889 -0.831724 2.149889 24.921230 -0.934113 -0.831724 -0.934113 18.453809 
19.725892 -0.030409 -1.016964 -0.030409 20.072419 1.322058 -1.016964 1.322058 19.677734 
20.880954 0.500351 -0.017399 0.500351 23.803102 0.708867 -0.017399 0.708867 18.559194 
18.151489 0.292312 0.787983 0.292312 15.497332 -0.006038 0.787983 -0.006038 16.406880 
22.316322 0.556897 0.040255 0.556897 23.200180 0.480816 0.040255 0.480816 19.963638 
25.195304 1.727114 -0.313914 1.727114 21.167929 0.242244 -0.313914 0.242244 20.343235 
18.447207 0.284706 0.234747 0.284706 20.902553 0.129261 0.234747 0.129261 17.493839 
20.363637 -1.758865 0.483226 -1.758865 18.749292 0.260975 0.483226 0.260975 18.624976 
34.479210 3.554511 1.107001 3.554511 21.454631 0.032215 1.107001 0.032215 19.349225 
20.560474 -0.970440 0.215391 -0.970440 20.084330 -1.262489 0.215391 -1.262489 19.057101 
20.225194 0.205166 1.121614 0.205166 18.176745 0.884207 1.121614 0.884207 17.794625 
16.727902 -1.068293 0.145860 -1.068293 18.601287 0.243710 0.145860 0.243710 16.557307 
26.379715 -0.318441 1.018240 -0.318441 22.991390 0.936926 1.018240 0.936926 22.360692 
17.790202 -0.933154 -1.223468 -0.933154 22.223521 1.076217 -1.223468 1.076217 21.640500 
18.044797 -0.041327 -0.531220 -0.041327 21.245588 -1.204972 -0.531220 -1.204972 17.230600 
18.646875 0.269742 0.613124 0.269742 17.602208 0.169700 0.613124 0.169700 16.751047 
24.411204 -1.878868 -1.139369 -1.878868 25.556050 -0.633035 -1.139369 -0.633035 21.323967 
20.176967 -0.848613 -2.275075 -0.848613 19.489696 0.982998 -2.275075 0.982998 24.665902 
15.838285 -0.042096 -0.689876 -0.042096 16.139627 -0.152458 -0.689876 -0.152458 17.831428 
26.310615 -2.548214 1.493450 -2.548214 22.274626 -0.642268 1.493450 -0.642268 18.929454 
19.423321 -0.790175 0.235505 -0.790175 19.902778 0.345344 0.235505 0.345344 18.394620 
18.438301 -0.633511 -0.207291 -0.633511 18.165252 -0.453091 -0.207291 -0.453091 16.930970 
22.821501 0.559939 0.374569 0.559939 19.443385 -0.721116 0.374569 -0.721116 17.951822 
19.290768 0.843633 0.686209 0.843633 22.272348 0.919898 0.686209 0.919898 19.264222 
24.657860 -0.639677 1.971461 -0.639677 17.212585 0.138618 1.971461 0.138618 19.714622 
24.630511 -0.237058 -1.384048 -0.237058 21.457134 0.487725 -1.384048 0.487725 18.640362 
29.799039 -2.275209 -0.604000 -2.275209 20.785422 0.138169 -0.604000 0.138169 24.120900 
20.812534 1.588597 0.662874 1.588597 17.425702 -0.322896 0.662874 -0.322896 17.983201 
34.908784 -0.655503 -2.605816 -0.655503 20.428586 0.541119 -2.605816 0.541119 22.206108 
23.627983 -2.789290 -1.051391 -2.789290 20.738958 0.457286 -1.051391 0.457286 22.966464 
22.129582 1.014239 0.636834 1.014239 22.282641 1.591478 0.636834 1.591478 18.999993 
22.156171 -0.339111 0.463121 -0.339111 16.837161 -0.239272 0.463121 -0.239272 17.847683 
17.220154 -0.092372 -0.397055 -0.092372 17.640901 -1.022387 -0.397055 -1.022387 18.766809 
21.779685 2.403996 -2.499394 2.403996 25.443594 -1.535895 -2.499394 -1.535895 21.685169 
17.160993 0.122050 0.342176 0.122050 16.660778 0.974634 0.342176 0.974634 17.729597 
16.849945 0.199334 0.298628 0.199334 18.890853 0.123744 0.298628 0.123744 16.395510 
22.107241 -0.230425 -0.626413 -0.230425 20.396021 -0.599005 -0.626413 -0.599005 22.130791 
19.181046 -0.699967 0.369059 -0.699967 20.765567 2.253748 0.369059 2.253748 24.440114 
25.064947 0.749434 -0.109459 0.749434 20.516243 0.409253 -0.109459 0.409253 18.596486 
18.927151 -2.099592 -0.427335 -2.099592 24.523173 2.507059 -0.427335 2.507059 19.315760 
27.256855 1.410001 0.537953 1.410001 21.703169 0.513204 0.537953 0.513204 20.928855 
18.945282 -1.499016 0.053498 -1.499016 19.654717 0.074431 0.053498 0.074431 20.040737 
16.265611 0.380872 0.221381 0.380872 17.890492 0.820078 0.221381 0.820078 15.964934 
23.157824 1.343550 1.066866 1.343550 19.544133 0.786296 1.066866 0.786296 18.606075 
23.461122 -2.817780 -0.123520 -2.817780 28.755033 -1.128646 -0.123520 -1.128646 20.528210 
19.201920 -2.008938 -1.502207 -2.008938 20.213804 1.938729 -1.502207 1.938729 17.892150 
23.582184 -1.641573 -0.006220 -1.641573 23.130014 -0.449226 -0.006220 -0.449226 19.870229 
22.442960 -0.049008 0.616964 -0.049008 17.866333 -0.213470 0.616964 -0.213470 17.903730 
20.379616 0.285271 -2.067931 0.285271 18.554658 1.007990 -2.067931 1.007990 21.073272 
21.329905 1.437894 -1.172151 1.437894 18.754399 0.141672 -1.172151 0.141672 19.006835 
23.213185 -0.760064 0.000000 -0.760064 16.857498 0.000000 0.000000 0.000000 16.599781 
16.546625 0.101509 -0.457044 0.101509 16.002236 -0.641422 -0.457044 -0.641422 17.976516 
20.432391 0.257527 -0.074443 0.257527 21.423173 -1.490547 -0.074443 -1.490547 19.132626 
17.084250 0.535047 -0.798352 0.535047 18.089088 -0.640822 -0.798352 -0.640822 18.835994 
22.323325 0.000592 1.731504 0.000592 18.947389 -0.000312 1.731504 -0.000312 17.915481 
20.354229 -1.846024 -0.247407 -1.846024 25.173366 0.223822 -0.247407 0.223822 18.996542 
20.067493 0.745715 1.254492 0.745715 18.402391 0.860913 1.254492 0.860913 18.092469 
19.968598 -1.745399 -0.449930 -1.745399 23.800466 -0.470131 -0.449930 -0.470131 19.827744 
21.192589 -2.918178 1.330839 -2.918178 18.328940 -0.961780 1.330839 -0.961780 17.313089 
21.368828 -0.446686 -0.774778 -0.446686 19.676354 0.795512 -0.774778 0.795512 26.779554 
20.231067 -0.119694 -1.750157 -0.119694 20.760623 1.816479 -1.750157 1.816479 23.154703 
23.804385 -2.144846 -1.564802 -2.144846 20.205399 0.551171 -1.564802 0.551171 19.895512 
20.375691 -0.756640 -1.643413 -0.756640 17.528751 1.008360 -1.643413 1.008360 23.135945 
18.985920 -1.564348 0.443315 -1.564348 24.046820 1.508657 0.443315 1.508657 19.255871 
23.641081 -0.060936 -0.014257 -0.060936 25.849654 1.485095 -0.014257 1.485095 21.956073 
30.320801 1.708886 0.786629 1.708886 20.376054 0.660583 0.786629 0.660583 19.715277 
17.859468 -0.789730 0.104540 -0.789730 19.282490 0.217533 0.104540 0.217533 19.674525 
19.473909 -0.000180 0.622572 -0.000180 17.739041 -0.000284 0.622572 -0.000284 17.233945 
17.333415 -2.192151 0.741583 -2.192151 24.103729 -0.558702 0.741583 -0.558702 19.098449 
19.481026 -0.406249 0.327639 -0.406249 22.512600 0.788488 0.327639 0.788488 18.662701 
21.516965 0.776910 -0.047581 0.776910 16.356107 -0.054552 -0.047581 -0.054552 16.643377 
20.800629 -2.157718 0.511714 -2.157718 25.127489 -0.911461 0.511714 -0.911461 18.598184 
19.493781 0.291041 -0.504022 0.291041 21.162098 1.492089 -0.504022 1.492089 19.079023 
21.293029 -0.554655 -0.176204 -0.554655 21.688115 1.910903 -0.176204 1.910903 19.993768 
19.279517 -0.164708 -0.804030 -0.164708 16.898083 -0.919371 -0.804030 -0.919371 17.255587 
22.578507 1.089466 0.973042 1.089466 18.700384 -0.362991 0.973042 -0.362991 19.849032 
19.168993 1.437291 -0.301745 1.437291 21.677388 -0.524531 -0.301745 -0.524531 17.439443 
24.774219 5.598986 0.350658 5.598986 27.714274 1.077994 0.350658 1.077994 22.358635 
25.788712 0.080985 -0.601247 0.080985 18.100488 0.169759 -0.601247 0.169759 18.471394 
17.893770 -0.399608 -1.167841 -0.399608 19.308626 0.001614 -1.167841 0.001614 20.860303 
22.991909 -0.320605 -0.830286 -0.320605 23.077866 0.827634 -0.830286 0.827634 20.891408 
20.315767 0.666684 0.719161 0.666684 19.417407 1.680826 0.719161 1.680826 18.756214 
22.826506 -0.000215 -0.000254 -0.000215 16.823499 -0.000033 -0.000254 -0.000033 18.411148 
19.971696 -0.498753 0.237025 -0.498753 25.800022 -4.918386 0.237025 -4.918386 23.974812 
22.806374 1.431429 0.088432 1.431429 23.040184 0.175398 0.088432 0.175398 20.062467 
20.522286 0.457516 1.530406 0.457516 18.346578 1.924649 1.530406 1.924649 23.473387 
20.933253 -2.783006 -1.670490 -2.783006 24.126528 1.012074 -1.670490 1.012074 20.916336 
26.939911 2.172749 2.467249 2.172749 22.859185 2.879436 2.467249 2.879436 22.648978 
15.876666 1.370701 0.867941 1.370701 19.042219 2.280483 0.867941 2.280483 18.936200 
21.016620 -0.699782 1.077901 -0.699782 22.770610 0.863252 1.077901 0.863252 19.201048 
20.058799 0.100488 -0.393642 0.100488 20.406208 0.955170 -0.393642 0.955170 16.907650 
17.213715 0.452479 1.514535 0.452479 17.586561 -0.114269 1.514535 -0.114269 20.646222 
18.389390 -0.076681 -0.189707 -0.076681 19.671403 -0.751926 -0.189707 -0.751926 18.668351 
19.463215 -0.799719 -0.435649 -0.799719 16.810711 0.673766 -0.435649 0.673766 16.950547 
23.485472 1.500325 -1.437474 1.500325 25.887398 -3.169096 -1.437474 -3.169096 21.001705 
22.314594 -0.000039 0.000000 -0.000039 18.106893 -0.000000 0.000000 -0.000000 16.822840 
20.460434 1.966789 -1.400097 1.966789 20.687496 -1.075756 -1.400097 -1.075756 18.407799 
21.476125 0.530722 -0.908100 0.530722 20.434227 -1.025417 -0.908100 -1.025417 19.057366 
19.962521 -2.418418 0.306511 -2.418418 20.895669 0.208880 0.306511 0.208880 18.981834 
21.822013 -0.059724 -1.417341 -0.059724 16.731091 0.169166 -1.417341 0.169166 16.601236 
18.561665 2.125105 0.109167 2.125105 22.480059 0.707155 0.109167 0.707155 19.929435 
19.848905 1.295649 0.405790 1.295649 21.323291 -0.223299 0.405790 -0.223299 17.703173 
21.700590 0.958318 1.463908 0.958318 19.488071 0.306923 1.463908 0.306923 18.949271 
19.824144 -0.520339 -2.161755 -0.520339 18.701769 -0.618720 -2.161755 -0.618720 22.215380 
20.589804 -0.456309 -1.586220 -0.456309 18.819668 1.913060 -1.586220 1.913060 24.684584 
21.596746 -1.190457 0.783310 -1.190457 18.076870 -0.570993 0.783310 -0.570993 18.658568 
18.629178 -0.385938 -1.213535 -0.385938 20.500157 -1.061892 -1.213535 -1.061892 19.228157 
20.354992 -2.488108 0.559779 -2.488108 21.480678 -0.569934 0.559779 -0.569934 17.308950 
17.129130 -0.360666 0.396314 -0.360666 19.662963 -1.277609 0.396314 -1.277609 17.436494 
23.758170 -0.726245 0.000000 -0.726245 18.574012 -0.000000 0.000000 -0.000000 17.370958 
19.119664 0.615913 -0.612964 0.615913 20.346725 2.486257 -0.612964 2.486257 23.318605 
21.329759 -0.708228 -1.282124 -0.708228 16.913421 -0.038885 -1.282124 -0.038885 16.838227 
17.405312 -0.994992 0.604773 -0.994992 18.146360 -0.116195 0.604773 -0.116195 17.260712 
23.089875 -0.334903 0.994273 -0.334903 17.577428 0.470902 0.994273 0.470902 17.871656 
23.444962 -3.094868 -2.056265 -3.094868 23.208422 1.356184 -2.056265 1.356184 19.245334 
21.289297 1.236787 -1.578328 1.236787 21.760571 -1.683099 -1.578328 -1.683099 22.158948 
21.499310 -1.484088 -1.546269 -1.484088 20.538172 0.334361 -1.546269 0.334361 21.921385 
22.097786 2.011729 1.670996 2.011729 19.797438 1.008129 1.670996 1.008129 18.574743 
20.859137 -0.419119 0.467981 -0.419119 19.231632 -0.350994 0.467981 -0.350994 21.534216 
21.089889 -1.842954 0.400337 -1.842954 20.258227 -0.041730 0.400337 -0.041730 20.087725 
20.958791 0.839961 -0.344233 0.839961 19.843486 -0.590027 -0.344233 -0.590027 18.809867 
18.897334 -0.817626 -0.231993 -0.817626 19.697922 -0.234551 -0.231993 -0.234551 19.025632 
22.303652 -0.301065 0.371409 -0.301065 19.257263 -0.813065 0.371409 -0.813065 18.519867 
19.021367 1.126862 0.134294 1.126862 21.403492 2.518862 0.134294 2.518862 20.894302 
16.673492 0.224836 -0.398419 0.224836 18.252981 0.533713 -0.398419 0.533713 17.339428 
17.146248 0.111457 -0.521673 0.111457 17.686143 1.345044 -0.521673 1.345044 21.316296 
17.864845 0.332191 0.878421 0.332191 17.751769 0.959796 0.878421 0.959796 17.697678 
17.403182 0.180214 1.309072 0.180214 16.439260 0.084797 1.309072 0.084797 19.498872 
18.095442 0.959851 -0.573798 0.959851 18.539207 -1.572145 -0.573798 -1.572145 18.382852 
20.397734 1.328835 0.540078 1.328835 24.167209 1.710740 0.540078 1.710740 20.223995 
20.468220 -0.010074 0.790664 -0.010074 20.038367 0.490113 0.790664 0.490113 20.235813 
